Colored MNIST Experiment Results
==============================

StR-rep Metrics:
---------------
StR-rep ID FN: 4.1089***
StR-rep ID FN Normalized: 7.4689***
StR-rep OOD FN: 1.6995**
StR-rep OOD FN Normalized: 1.9525**

StR-rec Metrics:
---------------
StR-rec ID FN: 5.5285***
StR-rec ID FN Normalized: 9.2088***
StR-rec OOD FN: 1.5511***
StR-rec OOD FN Normalized: 1.9428**

Compositional Metrics:
--------------------
RtS ID Accuracy: 0.5394***
RtS OOD Accuracy: 0.0716***
Decoder ID Accuracy: 0.7306***
Decoder OOD Accuracy: 0.1365***

RtS Compositional ID GMCC: 0.0099
RtS Compositional OOD GMCC: 0.0553
Decoder Compositional ID GMCC: 0.0132
Decoder Compositional OOD GMCC: 0.1851**

Non-compositional Metrics:
------------------------
RtS Digit ID GMCC: 0.0149
Decoder Digit ID GMCC: 0.0215*
RtS Digit OOD GMCC: N/A
Decoder Digit OOD GMCC: N/A
RtS Color ID GMCC: 0.3326***
Decoder Color ID GMCC: 0.3334***
RtS Color OOD GMCC: N/A
Decoder Color OOD GMCC: N/A


Detailed Matrices:
=================

StR-rep Matrix (ID):
0.4418 0.2477 0.2875 0.1571 0.3373 0.1862 0.4009 0.3070 0.1777 0.2112 0.3180 0.1825 0.3502 0.3495 0.1911 0.1890
0.2321 0.2211 0.1177 0.1569 0.1559 0.1785 0.1704 0.1681 0.2255 0.2114 0.1602 0.1932 0.1842 0.1662 0.2005 0.2433
0.2198 0.1064 0.3765 0.1962 0.2678 0.1357 0.3105 0.2233 0.1185 0.1320 0.2275 0.1185 0.2667 0.2782 0.1412 0.1300
0.1037 0.1232 0.2264 0.1961 0.1412 0.1480 0.1487 0.1347 0.1800 0.1580 0.1245 0.1491 0.1568 0.1509 0.1684 0.1976
0.2589 0.1304 0.2579 0.1367 0.3092 0.1626 0.2945 0.2493 0.1358 0.1305 0.2546 0.1364 0.2656 0.2756 0.1418 0.1346
0.1426 0.1453 0.1385 0.1511 0.1833 0.1732 0.1446 0.1625 0.1962 0.1594 0.1535 0.1662 0.1633 0.1567 0.1717 0.2035
0.2232 0.1054 0.2259 0.1110 0.2164 0.1058 0.3062 0.1813 0.0930 0.1184 0.1946 0.0969 0.2146 0.2299 0.1103 0.1002
0.2375 0.1156 0.2469 0.1266 0.2489 0.1266 0.2725 0.2939 0.1568 0.1320 0.2472 0.1283 0.2646 0.2683 0.1345 0.1471
0.1201 0.1292 0.1244 0.1387 0.1283 0.1393 0.1212 0.1927 0.2079 0.1561 0.1421 0.1551 0.1568 0.1451 0.1611 0.2082
0.0970 0.1851 0.0884 0.1767 0.0822 0.1621 0.1077 0.1053 0.2144 0.2310 0.0856 0.1741 0.1152 0.1080 0.2110 0.2387
0.2672 0.1338 0.2462 0.1277 0.2662 0.1383 0.2964 0.2524 0.1358 0.1420 0.2990 0.1605 0.2645 0.2754 0.1403 0.1423
0.1501 0.1483 0.1294 0.1438 0.1482 0.1532 0.1469 0.1656 0.1962 0.1690 0.1908 0.1863 0.1629 0.1571 0.1706 0.2098
0.2471 0.1162 0.2110 0.1036 0.2253 0.1093 0.2866 0.2549 0.1293 0.1255 0.2191 0.1096 0.3338 0.2507 0.1212 0.1441
0.2534 0.1292 0.2759 0.1468 0.2630 0.1389 0.3047 0.2499 0.1355 0.1486 0.2430 0.1298 0.2749 0.3100 0.1635 0.1465
0.1369 0.1443 0.1522 0.1595 0.1438 0.1536 0.1515 0.1621 0.1964 0.1745 0.1429 0.1610 0.1700 0.1840 0.1898 0.2138
0.0641 0.1230 0.0643 0.1304 0.0644 0.1284 0.0723 0.0933 0.1908 0.1522 0.0702 0.1432 0.1027 0.0782 0.1555 0.2087

StR-rep Matrix (OOD):
0.1732 0.1736 0.1894 0.1521
0.2108 0.2392 0.1780 0.2055
0.1483 0.1585 0.2324 0.2030
0.1991 0.2268 0.2561 0.2357

StR-rec Matrix (ID):
0.4139 0.2027 0.3525 0.1699 0.4598 0.2303 0.4350 0.4354 0.2207 0.2212 0.3986 0.1980 0.4396 0.4221 0.2131 0.1966
0.2067 0.4053 0.1758 0.3392 0.2290 0.4604 0.2169 0.2166 0.4409 0.4417 0.1992 0.3959 0.2196 0.2109 0.4260 0.3929
0.4137 0.2027 0.3519 0.1697 0.4594 0.2301 0.4348 0.4350 0.2206 0.2211 0.3984 0.1979 0.4393 0.4218 0.2129 0.1965
0.2064 0.4050 0.1750 0.3385 0.2292 0.4602 0.2169 0.2169 0.4410 0.4414 0.1988 0.3955 0.2193 0.2107 0.4257 0.3926
0.4138 0.2027 0.3522 0.1699 0.4597 0.2303 0.4349 0.4355 0.2207 0.2212 0.3985 0.1980 0.4395 0.4220 0.2130 0.1966
0.2065 0.4051 0.1757 0.3392 0.2297 0.4607 0.2171 0.2174 0.4413 0.4417 0.1989 0.3957 0.2197 0.2111 0.4263 0.3929
0.4138 0.2027 0.3520 0.1698 0.4595 0.2302 0.4348 0.4351 0.2206 0.2212 0.3985 0.1980 0.4394 0.4219 0.2129 0.1965
0.4132 0.2024 0.3520 0.1696 0.4600 0.2304 0.4345 0.4353 0.2206 0.2211 0.3988 0.1981 0.4396 0.4226 0.2134 0.1964
0.2066 0.4051 0.1760 0.3394 0.2300 0.4610 0.2173 0.2177 0.4416 0.4420 0.1990 0.3958 0.2198 0.2113 0.4266 0.3931
0.2066 0.4047 0.1758 0.3396 0.2298 0.4605 0.2172 0.2175 0.4411 0.4419 0.1989 0.3953 0.2197 0.2112 0.4265 0.3927
0.4138 0.2027 0.3521 0.1698 0.4596 0.2302 0.4349 0.4352 0.2207 0.2212 0.3985 0.1980 0.4394 0.4219 0.2130 0.1965
0.2066 0.4053 0.1753 0.3389 0.2289 0.4603 0.2168 0.2165 0.4408 0.4415 0.1990 0.3958 0.2194 0.2107 0.4257 0.3927
0.4138 0.2027 0.3521 0.1698 0.4595 0.2302 0.4349 0.4351 0.2206 0.2212 0.3985 0.1980 0.4394 0.4220 0.2129 0.1965
0.4140 0.2028 0.3526 0.1700 0.4605 0.2307 0.4352 0.4359 0.2210 0.2214 0.3987 0.1981 0.4403 0.4232 0.2138 0.1968
0.2066 0.4052 0.1760 0.3395 0.2300 0.4612 0.2172 0.2176 0.4417 0.4425 0.1990 0.3958 0.2198 0.2113 0.4271 0.3932
0.2064 0.4049 0.1753 0.3384 0.2293 0.4600 0.2170 0.2169 0.4409 0.4412 0.1992 0.3958 0.2194 0.2107 0.4255 0.3924

StR-rec Matrix (OOD):
0.4265 0.2170 0.4223 0.2052
0.2133 0.4353 0.2112 0.4110
0.4267 0.2173 0.4223 0.2052
0.2135 0.4352 0.2114 0.4113

RtS Compositional Confusion Matrix (ID):
383.0000 0.0000 0.0000 0.0000 5.0000 0.0000 25.0000 3.0000 0.0000 0.0000 57.0000 0.0000 13.0000 4.0000 0.0000 0.0000
5.0000 188.0000 0.0000 0.0000 0.0000 0.0000 0.0000 0.0000 0.0000 218.0000 0.0000 0.0000 0.0000 0.0000 0.0000 79.0000
0.0000 0.0000 483.0000 0.0000 16.0000 0.0000 42.0000 3.0000 0.0000 0.0000 7.0000 0.0000 5.0000 12.0000 0.0000 0.0000
0.0000 0.0000 7.0000 270.0000 0.0000 1.0000 0.0000 0.0000 0.0000 63.0000 0.0000 0.0000 0.0000 0.0000 2.0000 224.0000
14.0000 0.0000 43.0000 0.0000 338.0000 0.0000 79.0000 3.0000 0.0000 0.0000 11.0000 0.0000 14.0000 14.0000 0.0000 0.0000
0.0000 2.0000 0.0000 15.0000 0.0000 82.0000 0.0000 0.0000 0.0000 94.0000 0.0000 5.0000 0.0000 0.0000 1.0000 313.0000
2.0000 0.0000 5.0000 0.0000 14.0000 0.0000 428.0000 5.0000 0.0000 0.0000 0.0000 0.0000 22.0000 29.0000 0.0000 0.0000
7.0000 0.0000 14.0000 0.0000 17.0000 0.0000 4.0000 250.0000 0.0000 0.0000 38.0000 0.0000 155.0000 6.0000 0.0000 0.0000
0.0000 7.0000 0.0000 2.0000 0.0000 0.0000 0.0000 0.0000 0.0000 3.0000 0.0000 1.0000 0.0000 0.0000 0.0000 478.0000
0.0000 6.0000 0.0000 2.0000 0.0000 2.0000 0.0000 0.0000 0.0000 302.0000 0.0000 0.0000 0.0000 0.0000 1.0000 123.0000
47.0000 0.0000 9.0000 0.0000 26.0000 0.0000 10.0000 4.0000 0.0000 0.0000 380.0000 0.0000 2.0000 1.0000 0.0000 0.0000
0.0000 8.0000 0.0000 0.0000 0.0000 0.0000 0.0000 0.0000 0.0000 70.0000 0.0000 22.0000 0.0000 0.0000 0.0000 379.0000
1.0000 0.0000 46.0000 0.0000 30.0000 0.0000 2.0000 15.0000 0.0000 0.0000 0.0000 0.0000 412.0000 8.0000 0.0000 0.0000
6.0000 0.0000 20.0000 0.0000 25.0000 0.0000 88.0000 12.0000 0.0000 0.0000 23.0000 0.0000 12.0000 301.0000 0.0000 0.0000
0.0000 1.0000 0.0000 1.0000 0.0000 0.0000 0.0000 0.0000 0.0000 177.0000 0.0000 0.0000 0.0000 0.0000 0.0000 306.0000
0.0000 5.0000 0.0000 0.0000 0.0000 0.0000 0.0000 0.0000 0.0000 7.0000 0.0000 0.0000 0.0000 0.0000 0.0000 492.0000

RtS Compositional Confusion Matrix (OOD):
50.0000 0.0000 0.0000 0.0000
0.0000 40.0000 0.0000 64.0000
3.0000 0.0000 27.0000 0.0000
0.0000 12.0000 0.0000 24.0000

Decoder Compositional Confusion Matrix (ID):
404.0000 0.0000 0.0000 0.0000 4.0000 0.0000 15.0000 6.0000 0.0000 0.0000 47.0000 0.0000 6.0000 8.0000 0.0000 0.0000
0.0000 373.0000 0.0000 0.0000 0.0000 4.0000 0.0000 0.0000 0.0000 75.0000 0.0000 28.0000 0.0000 0.0000 3.0000 7.0000
0.0000 0.0000 484.0000 0.0000 11.0000 0.0000 32.0000 5.0000 0.0000 0.0000 7.0000 0.0000 6.0000 23.0000 0.0000 0.0000
0.0000 0.0000 0.0000 475.0000 0.0000 16.0000 0.0000 0.0000 0.0000 32.0000 0.0000 3.0000 0.0000 0.0000 23.0000 18.0000
18.0000 0.0000 52.0000 0.0000 343.0000 0.0000 39.0000 4.0000 0.0000 0.0000 11.0000 0.0000 18.0000 31.0000 0.0000 0.0000
0.0000 10.0000 0.0000 46.0000 0.0000 359.0000 0.0000 0.0000 6.0000 19.0000 0.0000 24.0000 0.0000 0.0000 25.0000 27.0000
1.0000 0.0000 2.0000 0.0000 11.0000 0.0000 443.0000 1.0000 0.0000 0.0000 3.0000 0.0000 25.0000 19.0000 0.0000 0.0000
6.0000 0.0000 14.0000 0.0000 7.0000 0.0000 7.0000 366.0000 0.0000 0.0000 25.0000 0.0000 57.0000 9.0000 0.0000 0.0000
0.0000 11.0000 0.0000 6.0000 0.0000 17.0000 0.0000 0.0000 180.0000 6.0000 0.0000 15.0000 0.0000 0.0000 2.0000 254.0000
0.0000 26.0000 0.0000 7.0000 0.0000 18.0000 0.0000 0.0000 9.0000 297.0000 0.0000 17.0000 0.0000 0.0000 11.0000 40.0000
54.0000 0.0000 13.0000 0.0000 15.0000 0.0000 5.0000 16.0000 0.0000 0.0000 368.0000 0.0000 3.0000 5.0000 0.0000 0.0000
0.0000 27.0000 0.0000 4.0000 0.0000 26.0000 0.0000 0.0000 2.0000 34.0000 0.0000 360.0000 0.0000 0.0000 0.0000 26.0000
2.0000 0.0000 42.0000 0.0000 18.0000 0.0000 7.0000 15.0000 0.0000 0.0000 0.0000 0.0000 421.0000 9.0000 0.0000 0.0000
11.0000 0.0000 31.0000 0.0000 12.0000 0.0000 73.0000 9.0000 0.0000 0.0000 10.0000 0.0000 16.0000 325.0000 0.0000 0.0000
0.0000 9.0000 0.0000 34.0000 0.0000 9.0000 0.0000 0.0000 1.0000 85.0000 0.0000 15.0000 0.0000 0.0000 256.0000 75.0000
0.0000 15.0000 0.0000 5.0000 0.0000 10.0000 0.0000 0.0000 16.0000 8.0000 0.0000 16.0000 0.0000 0.0000 1.0000 413.0000

Decoder Compositional Confusion Matrix (OOD):
185.0000 0.0000 1.0000 0.0000
0.0000 2.0000 0.0000 0.0000
0.0000 0.0000 82.0000 0.0000
0.0000 0.0000 0.0000 0.0000

