Colored MNIST Experiment Results
==============================

Supervised Decoder:
------------------
Training:
Digit accuracy: 0.7768
Color accuracy: 1.0000
Full accuracy: 0.7768

Testing:
Digit accuracy: 0.6729
Color accuracy: 1.0000
Full accuracy: 0.6729

RtS Classification:
------------------
Training:
Digit accuracy: 0.7177
Color accuracy: 1.0000
Full accuracy: 0.7177

Testing:
Digit accuracy: 0.5579
Color accuracy: 1.0000
Full accuracy: 0.5579

StR-rep Cosine Similarities:
---------------------------
Average diagonal (matching pairs): 0.3737
Average off-diagonal (non-matching pairs): 0.3707

Full association matrix:
(d:0,c:0) 0.5297 0.4192 0.4574 0.4649 0.4371 0.4821 0.4579 0.4411 0.4615 0.4426 0.3805 0.2787 0.3156 0.3222 0.2768 0.3330 0.3144 0.2738 0.3141 0.2794
(d:0,c:1) 0.3775 0.2688 0.3006 0.3081 0.3120 0.3294 0.3078 0.3269 0.3067 0.3190 0.5037 0.4036 0.4348 0.4465 0.4339 0.4660 0.4399 0.4437 0.4459 0.4435
(d:1,c:0) 0.3325 0.4467 0.3692 0.3718 0.3387 0.3626 0.3469 0.3531 0.3769 0.3502 0.2140 0.3375 0.2542 0.2543 0.2076 0.2402 0.2306 0.2142 0.2554 0.2177
(d:1,c:1) 0.2052 0.3223 0.2388 0.2413 0.2345 0.2354 0.2218 0.2580 0.2481 0.2473 0.3154 0.4418 0.3529 0.3572 0.3378 0.3502 0.3345 0.3550 0.3647 0.3537
(d:2,c:0) 0.5227 0.5287 0.5845 0.5275 0.5111 0.5102 0.5377 0.5059 0.5346 0.5018 0.3763 0.3850 0.4468 0.3846 0.3471 0.3591 0.4004 0.3220 0.3831 0.3310
(d:2,c:1) 0.3447 0.3538 0.4021 0.3448 0.3651 0.3320 0.3627 0.3724 0.3542 0.3574 0.5164 0.5280 0.5831 0.5265 0.5271 0.5108 0.5439 0.5166 0.5337 0.5189
(d:3,c:0) 0.4839 0.4864 0.4797 0.5437 0.4510 0.5070 0.4542 0.4616 0.4988 0.4665 0.3336 0.3421 0.3390 0.3964 0.2868 0.3554 0.3116 0.2854 0.3469 0.2964
(d:3,c:1) 0.3229 0.3282 0.3145 0.3784 0.3187 0.3459 0.2957 0.3406 0.3356 0.3356 0.4587 0.4698 0.4605 0.5232 0.4479 0.4910 0.4397 0.4597 0.4814 0.4646
(d:4,c:0) 0.4904 0.4730 0.5000 0.4888 0.5657 0.5007 0.5095 0.5226 0.5139 0.5466 0.3212 0.3051 0.3359 0.3231 0.3665 0.3259 0.3481 0.3116 0.3388 0.3407
(d:4,c:1) 0.3209 0.3063 0.3260 0.3147 0.4267 0.3310 0.3427 0.3953 0.3420 0.4090 0.4532 0.4397 0.4640 0.4567 0.5364 0.4689 0.4833 0.4954 0.4807 0.5181
(d:5,c:0) 0.5495 0.5268 0.5134 0.5569 0.5160 0.5857 0.5193 0.5184 0.5546 0.5343 0.3840 0.3565 0.3508 0.3952 0.3366 0.4188 0.3597 0.3273 0.3883 0.3501
(d:5,c:1) 0.3686 0.3489 0.3277 0.3712 0.3675 0.4047 0.3412 0.3825 0.3712 0.3875 0.5256 0.5008 0.4882 0.5386 0.5187 0.5723 0.5045 0.5241 0.5405 0.5402
(d:6,c:0) 0.4604 0.4437 0.4699 0.4396 0.4575 0.4571 0.5269 0.4338 0.4590 0.4518 0.2379 0.2253 0.2437 0.2321 0.2225 0.2412 0.2752 0.2037 0.2400 0.2193
(d:6,c:1) 0.3346 0.3194 0.3408 0.3082 0.3598 0.3310 0.4084 0.3454 0.3310 0.3550 0.3768 0.3658 0.3794 0.3721 0.3956 0.3906 0.4197 0.3884 0.3883 0.3992
(d:7,c:0) 0.3974 0.3944 0.3919 0.4041 0.4080 0.4121 0.3898 0.4542 0.4079 0.4212 0.3400 0.3250 0.3268 0.3344 0.3404 0.3414 0.3155 0.4244 0.3410 0.3624
(d:7,c:1) 0.2151 0.2149 0.2061 0.2173 0.2516 0.2284 0.2105 0.3045 0.2226 0.2650 0.4285 0.4171 0.4130 0.4249 0.4624 0.4396 0.4088 0.5518 0.4382 0.4892
(d:8,c:0) 0.3742 0.3982 0.3913 0.3920 0.3811 0.3989 0.3635 0.3874 0.4227 0.3934 0.1719 0.2085 0.1976 0.1978 0.1753 0.1912 0.1790 0.1706 0.2103 0.1799
(d:8,c:1) 0.2800 0.3089 0.2955 0.2961 0.3117 0.3072 0.2703 0.3281 0.3320 0.3266 0.2950 0.3377 0.3204 0.3249 0.3288 0.3250 0.3053 0.3345 0.3454 0.3398
(d:9,c:0) 0.3030 0.3069 0.3071 0.3139 0.3294 0.3194 0.3099 0.3234 0.3248 0.3421 0.2578 0.2680 0.2647 0.2768 0.3029 0.2844 0.2799 0.2792 0.2917 0.3163
(d:9,c:1) 0.1635 0.1692 0.1643 0.1705 0.2094 0.1788 0.1719 0.2121 0.1823 0.2223 0.3327 0.3441 0.3365 0.3517 0.4014 0.3653 0.3556 0.3890 0.3713 0.4192

StR-rec Reconstruction Similarities:
--------------------------------
Average similarity: 0.3124

Per-combination similarities:
Digit 0, Color 0: 0.4073
Digit 0, Color 1: 0.1756
Digit 1, Color 0: 0.4429
Digit 1, Color 1: 0.2147
Digit 2, Color 0: 0.4226
Digit 2, Color 1: 0.2211
Digit 3, Color 0: 0.3945
Digit 3, Color 1: 0.2198
Digit 4, Color 0: 0.4337
Digit 4, Color 1: 0.2045
Digit 5, Color 0: 0.2066
Digit 5, Color 1: 0.3359
Digit 6, Color 0: 0.2351
Digit 6, Color 1: 0.4332
Digit 7, Color 0: 0.2266
Digit 7, Color 1: 0.4409
Digit 8, Color 0: 0.1986
Digit 8, Color 1: 0.4154
Digit 9, Color 0: 0.2079
Digit 9, Color 1: 0.4103
