Colored MNIST Experiment Results
==============================

Supervised Decoder:
------------------
Training:
Digit accuracy: 0.7891
Color accuracy: 1.0000
Full accuracy: 0.7891

Testing:
Digit accuracy: 0.6486
Color accuracy: 1.0000
Full accuracy: 0.6486

RtS Classification:
------------------
Training:
Digit accuracy: 0.7077
Color accuracy: 1.0000
Full accuracy: 0.7077

Testing:
Digit accuracy: 0.5054
Color accuracy: 1.0000
Full accuracy: 0.5054

StR-rep Cosine Similarities:
---------------------------
Average diagonal (matching pairs): 0.3870
Average off-diagonal (non-matching pairs): 0.3831

Full association matrix:
(d:0,c:0) 0.5604 0.4333 0.4903 0.4921 0.4737 0.5148 0.4972 0.4762 0.4944 0.4779 0.4202 0.2905 0.3403 0.3305 0.3221 0.3574 0.3470 0.3290 0.3317 0.3210
(d:0,c:1) 0.4231 0.2909 0.3422 0.3642 0.3249 0.3758 0.3485 0.3265 0.3500 0.3328 0.5864 0.4522 0.5034 0.5148 0.4850 0.5353 0.5068 0.4917 0.5087 0.4919
(d:1,c:0) 0.3785 0.5805 0.4554 0.4465 0.4059 0.4321 0.4175 0.4177 0.4622 0.4192 0.1819 0.2787 0.2172 0.2035 0.1909 0.2007 0.1982 0.2008 0.2144 0.1929
(d:1,c:1) 0.2638 0.4709 0.3347 0.3438 0.2827 0.3186 0.2947 0.2942 0.3451 0.2999 0.3365 0.4346 0.3713 0.3765 0.3439 0.3675 0.3485 0.3540 0.3811 0.3533
(d:2,c:0) 0.4423 0.4405 0.5071 0.4546 0.4604 0.4505 0.4745 0.4426 0.4679 0.4535 0.3208 0.3209 0.3812 0.3149 0.3227 0.3086 0.3436 0.3126 0.3274 0.3071
(d:2,c:1) 0.3134 0.3081 0.3696 0.3353 0.3218 0.3206 0.3359 0.3029 0.3332 0.3183 0.4769 0.4742 0.5359 0.4889 0.4768 0.4762 0.4948 0.4663 0.4947 0.4685
(d:3,c:0) 0.3802 0.4011 0.4033 0.4401 0.3939 0.4181 0.3892 0.3824 0.4191 0.4003 0.3386 0.3674 0.3482 0.4175 0.3256 0.3777 0.3238 0.3320 0.3655 0.3330
(d:3,c:1) 0.2332 0.2497 0.2462 0.2984 0.2369 0.2679 0.2323 0.2254 0.2642 0.2461 0.4594 0.4839 0.4665 0.5504 0.4452 0.5071 0.4407 0.4511 0.4950 0.4593
(d:4,c:0) 0.4845 0.4725 0.5139 0.4924 0.5789 0.5114 0.5306 0.5218 0.5277 0.5551 0.3366 0.3217 0.3520 0.3259 0.4197 0.3463 0.3696 0.3703 0.3563 0.3868
(d:4,c:1) 0.3420 0.3259 0.3613 0.3609 0.4271 0.3682 0.3777 0.3679 0.3793 0.4068 0.5157 0.4973 0.5290 0.5251 0.5982 0.5389 0.5435 0.5475 0.5483 0.5732
(d:5,c:0) 0.4342 0.4132 0.4268 0.4520 0.4383 0.4776 0.4322 0.4284 0.4601 0.4507 0.3144 0.2915 0.2924 0.3095 0.3038 0.3391 0.2972 0.3015 0.3161 0.3092
(d:5,c:1) 0.3103 0.2858 0.2938 0.3373 0.3050 0.3531 0.2986 0.2942 0.3306 0.3207 0.4622 0.4363 0.4380 0.4743 0.4494 0.4983 0.4398 0.4470 0.4744 0.4622
(d:6,c:0) 0.4637 0.4404 0.4819 0.4562 0.4784 0.4713 0.5290 0.4476 0.4738 0.4721 0.3372 0.3132 0.3440 0.3067 0.3397 0.3268 0.4004 0.3120 0.3251 0.3281
(d:6,c:1) 0.3322 0.3050 0.3410 0.3343 0.3369 0.3388 0.3881 0.3048 0.3362 0.3340 0.4980 0.4708 0.5028 0.4855 0.4984 0.4995 0.5568 0.4701 0.4970 0.4944
(d:7,c:0) 0.4227 0.4087 0.4199 0.4339 0.4690 0.4462 0.4217 0.5538 0.4498 0.4959 0.2001 0.2051 0.1973 0.2015 0.2242 0.2087 0.2025 0.2693 0.2109 0.2350
(d:7,c:1) 0.3223 0.3038 0.3099 0.3437 0.3623 0.3464 0.3113 0.4526 0.3455 0.3945 0.3645 0.3671 0.3594 0.3837 0.3883 0.3852 0.3619 0.4367 0.3869 0.4074
(d:8,c:0) 0.4086 0.4089 0.4288 0.4250 0.4249 0.4392 0.4176 0.4151 0.4571 0.4314 0.2933 0.3031 0.3072 0.2948 0.2985 0.3100 0.2946 0.2962 0.3260 0.2992
(d:8,c:1) 0.2892 0.2864 0.3010 0.3144 0.2966 0.3191 0.2891 0.2860 0.3326 0.3063 0.4336 0.4410 0.4457 0.4514 0.4370 0.4611 0.4302 0.4345 0.4766 0.4445
(d:9,c:0) 0.3511 0.3541 0.3627 0.3638 0.4018 0.3773 0.3716 0.4004 0.3856 0.4143 0.3026 0.3093 0.3068 0.3013 0.3768 0.3229 0.3257 0.3807 0.3328 0.3908
(d:9,c:1) 0.2152 0.2151 0.2180 0.2356 0.2546 0.2391 0.2258 0.2526 0.2426 0.2695 0.4196 0.4235 0.4218 0.4341 0.4882 0.4491 0.4370 0.4917 0.4579 0.5080

StR-rec Reconstruction Similarities:
--------------------------------
Average similarity: 0.3131

Per-combination similarities:
Digit 0, Color 0: 0.4073
Digit 0, Color 1: 0.1701
Digit 1, Color 0: 0.4608
Digit 1, Color 1: 0.2126
Digit 2, Color 0: 0.4294
Digit 2, Color 1: 0.2219
Digit 3, Color 0: 0.3894
Digit 3, Color 1: 0.2164
Digit 4, Color 0: 0.4311
Digit 4, Color 1: 0.2066
Digit 5, Color 0: 0.2028
Digit 5, Color 1: 0.3469
Digit 6, Color 0: 0.2279
Digit 6, Color 1: 0.4345
Digit 7, Color 0: 0.2228
Digit 7, Color 1: 0.4422
Digit 8, Color 0: 0.2003
Digit 8, Color 1: 0.4260
Digit 9, Color 0: 0.2113
Digit 9, Color 1: 0.4022
