Colored MNIST Experiment Results
==============================

Supervised Decoder:
------------------
Training:
Digit accuracy: 0.7715
Color accuracy: 1.0000
Full accuracy: 0.7715

Testing:
Digit accuracy: 0.6478
Color accuracy: 1.0000
Full accuracy: 0.6478

RtS Classification:
------------------
Training:
Digit accuracy: 0.6053
Color accuracy: 0.4963
Full accuracy: 0.2885

Testing:
Digit accuracy: 0.4412
Color accuracy: 0.5001
Full accuracy: 0.1985

StR-rep Cosine Similarities:
---------------------------
Average diagonal (matching pairs): -0.0302
Average off-diagonal (non-matching pairs): -0.0338

Full association matrix:
(d:0,c:0) 0.0119 -0.0330 -0.0149 -0.0176 -0.0539 -0.0184 -0.0339 -0.0317 -0.0475 -0.0229 0.0136 -0.0464 -0.0769 -0.0273 -0.0646 -0.0548 -0.0089 -0.0548 -0.0775 -0.0721
(d:0,c:1) 0.0119 -0.0330 -0.0149 -0.0176 -0.0539 -0.0184 -0.0339 -0.0317 -0.0475 -0.0229 0.0136 -0.0464 -0.0769 -0.0273 -0.0646 -0.0548 -0.0089 -0.0548 -0.0775 -0.0721
(d:1,c:0) -0.0729 0.0482 -0.0176 -0.0250 -0.0596 -0.0429 -0.0525 -0.0328 -0.0430 -0.0250 -0.0770 0.0314 -0.0838 -0.0410 -0.0757 -0.0829 -0.0366 -0.0588 -0.0808 -0.0772
(d:1,c:1) -0.0729 0.0482 -0.0176 -0.0250 -0.0596 -0.0429 -0.0525 -0.0328 -0.0430 -0.0250 -0.0770 0.0314 -0.0838 -0.0410 -0.0757 -0.0829 -0.0366 -0.0588 -0.0808 -0.0772
(d:2,c:0) -0.0401 0.0113 0.0228 -0.0136 -0.0429 -0.0378 -0.0226 -0.0274 -0.0380 -0.0180 -0.0290 0.0094 -0.0251 -0.0137 -0.0427 -0.0648 0.0150 -0.0400 -0.0590 -0.0585
(d:2,c:1) -0.0401 0.0113 0.0228 -0.0136 -0.0429 -0.0378 -0.0226 -0.0274 -0.0380 -0.0180 -0.0290 0.0094 -0.0251 -0.0137 -0.0427 -0.0648 0.0150 -0.0400 -0.0590 -0.0585
(d:3,c:0) -0.0311 0.0160 0.0003 0.0252 -0.0444 -0.0077 -0.0383 -0.0184 -0.0255 -0.0061 -0.0278 0.0045 -0.0642 0.0160 -0.0551 -0.0439 -0.0116 -0.0410 -0.0553 -0.0560
(d:3,c:1) -0.0311 0.0160 0.0003 0.0252 -0.0444 -0.0077 -0.0383 -0.0184 -0.0255 -0.0061 -0.0278 0.0045 -0.0642 0.0160 -0.0551 -0.0439 -0.0116 -0.0410 -0.0553 -0.0560
(d:4,c:0) -0.0476 -0.0131 -0.0110 -0.0315 0.0128 -0.0322 -0.0215 0.0028 -0.0351 0.0263 -0.0548 -0.0350 -0.0846 -0.0497 -0.0117 -0.0752 -0.0049 -0.0320 -0.0764 -0.0344
(d:4,c:1) -0.0476 -0.0131 -0.0110 -0.0315 0.0128 -0.0322 -0.0215 0.0028 -0.0351 0.0263 -0.0548 -0.0350 -0.0846 -0.0497 -0.0117 -0.0752 -0.0049 -0.0320 -0.0764 -0.0344
(d:5,c:0) -0.0251 0.0034 -0.0162 0.0021 -0.0388 0.0003 -0.0350 -0.0182 -0.0281 -0.0007 -0.0137 -0.0030 -0.0734 0.0012 -0.0436 -0.0270 -0.0035 -0.0351 -0.0514 -0.0430
(d:5,c:1) -0.0251 0.0034 -0.0162 0.0021 -0.0388 0.0003 -0.0350 -0.0182 -0.0281 -0.0007 -0.0137 -0.0030 -0.0734 0.0012 -0.0436 -0.0270 -0.0035 -0.0351 -0.0514 -0.0430
(d:6,c:0) -0.0052 0.0208 0.0284 -0.0027 -0.0023 -0.0043 0.0439 -0.0067 -0.0153 0.0193 -0.0830 -0.0653 -0.1157 -0.0838 -0.0917 -0.1152 -0.0330 -0.0958 -0.1210 -0.1035
(d:6,c:1) -0.0052 0.0208 0.0284 -0.0027 -0.0023 -0.0043 0.0439 -0.0067 -0.0153 0.0193 -0.0830 -0.0653 -0.1157 -0.0838 -0.0917 -0.1152 -0.0330 -0.0958 -0.1210 -0.1035
(d:7,c:0) -0.1021 -0.0593 -0.0757 -0.0809 -0.0858 -0.0887 -0.0991 -0.0432 -0.0975 -0.0503 -0.0222 0.0105 -0.0600 -0.0105 -0.0058 -0.0413 0.0019 0.0500 -0.0470 -0.0011
(d:7,c:1) -0.1021 -0.0593 -0.0757 -0.0809 -0.0858 -0.0887 -0.0991 -0.0432 -0.0975 -0.0503 -0.0222 0.0105 -0.0600 -0.0105 -0.0058 -0.0413 0.0019 0.0500 -0.0470 -0.0011
(d:8,c:0) -0.0032 0.0644 0.0364 0.0374 0.0065 0.0268 -0.0016 0.0276 0.0309 0.0409 -0.0874 -0.0462 -0.1131 -0.0673 -0.0927 -0.1009 -0.0630 -0.0839 -0.1006 -0.0964
(d:8,c:1) -0.0032 0.0644 0.0364 0.0374 0.0065 0.0268 -0.0016 0.0276 0.0309 0.0409 -0.0874 -0.0462 -0.1131 -0.0673 -0.0927 -0.1009 -0.0630 -0.0839 -0.1006 -0.0964
(d:9,c:0) -0.1094 -0.0645 -0.0785 -0.0844 -0.0750 -0.0901 -0.0946 -0.0585 -0.0971 -0.0419 -0.0150 0.0207 -0.0448 0.0040 0.0361 -0.0202 0.0328 0.0389 -0.0215 0.0378
(d:9,c:1) -0.1094 -0.0645 -0.0785 -0.0844 -0.0750 -0.0901 -0.0946 -0.0585 -0.0971 -0.0419 -0.0150 0.0207 -0.0448 0.0040 0.0361 -0.0202 0.0328 0.0389 -0.0215 0.0378

StR-rec Reconstruction Similarities:
--------------------------------
Average similarity: 0.3131

Per-combination similarities:
Digit 0, Color 0: 0.4086
Digit 0, Color 1: 0.1760
Digit 1, Color 0: 0.4651
Digit 1, Color 1: 0.2190
Digit 2, Color 0: 0.4337
Digit 2, Color 1: 0.2236
Digit 3, Color 0: 0.3903
Digit 3, Color 1: 0.2122
Digit 4, Color 0: 0.4298
Digit 4, Color 1: 0.2007
Digit 5, Color 0: 0.2028
Digit 5, Color 1: 0.3367
Digit 6, Color 0: 0.2266
Digit 6, Color 1: 0.4277
Digit 7, Color 0: 0.2190
Digit 7, Color 1: 0.4358
Digit 8, Color 0: 0.2015
Digit 8, Color 1: 0.4332
Digit 9, Color 0: 0.2109
Digit 9, Color 1: 0.4082
