MNIST Experiment Results
======================

StR-rep Metrics:
---------------
StR-rep FN: 4.1579***
StR-rep FN Normalized: 3.3157***

StR-rec Metrics:
---------------
StR-rec FN: 3.9492***
StR-rec FN Normalized: 3.2996***

Classification Metrics:
---------------------
RtS Train Accuracy: 0.7529***
RtS Test Accuracy: 0.7587***
Decoder Train Accuracy: 0.8486***
Decoder Test Accuracy: 0.8559***


Detailed Matrices:
=================

StR-rep Matrix:
0.4945 0.2655 0.3495 0.3595 0.3199 0.3902 0.3689 0.3191 0.3437 0.3219
0.1738 0.3987 0.2480 0.2429 0.1943 0.2207 0.2093 0.2200 0.2456 0.2097
0.4308 0.4700 0.5387 0.4479 0.4362 0.4202 0.4730 0.4196 0.4598 0.4169
0.4195 0.4425 0.4276 0.5319 0.3758 0.4660 0.3849 0.3878 0.4536 0.3991
0.3848 0.3681 0.4145 0.3828 0.5433 0.4167 0.4497 0.4725 0.4336 0.5087
0.4840 0.4517 0.4356 0.5074 0.4546 0.5343 0.4497 0.4537 0.4962 0.4799
0.4059 0.3741 0.4208 0.3726 0.4062 0.3956 0.5004 0.3573 0.3950 0.3913
0.3147 0.3243 0.3187 0.3252 0.3827 0.3394 0.3146 0.4779 0.3435 0.4102
0.4247 0.4817 0.4616 0.4692 0.4488 0.4742 0.4304 0.4408 0.5073 0.4619
0.4301 0.4449 0.4494 0.4598 0.5658 0.4885 0.4740 0.5620 0.4995 0.5855

StR-rec Matrix:
0.9523 0.0348 0.2711 0.3313 0.2513 0.5209 0.4210 0.1866 0.3679 0.2838
0.0706 0.8289 0.2595 0.2767 0.1620 0.2305 0.1953 0.2997 0.3184 0.2806
0.3670 0.2052 0.8929 0.5213 0.4051 0.4059 0.4674 0.3224 0.5991 0.3755
0.3468 0.2334 0.5019 0.9390 0.2669 0.6441 0.2779 0.2255 0.6476 0.3241
0.2780 0.2167 0.3453 0.2313 0.8979 0.4415 0.4559 0.5969 0.5277 0.8575
0.4845 0.1267 0.3732 0.5980 0.3947 0.7712 0.3682 0.3041 0.6418 0.4632
0.4095 0.2334 0.4467 0.3380 0.4021 0.4710 0.8882 0.2744 0.4749 0.4545
0.2353 0.2467 0.2686 0.2445 0.5455 0.3539 0.2622 0.9211 0.4312 0.7034
0.3706 0.2702 0.5157 0.5292 0.4957 0.6582 0.3956 0.4129 0.9484 0.5795
0.2761 0.2769 0.3118 0.3134 0.7134 0.4876 0.4079 0.6774 0.5657 0.9401

RtS Confusion Matrix (Train):
5172.0000 1.0000 85.0000 61.0000 16.0000 247.0000 248.0000 7.0000 64.0000 22.0000
0.0000 5825.0000 167.0000 42.0000 2.0000 47.0000 20.0000 7.0000 568.0000 64.0000
128.0000 274.0000 4423.0000 316.0000 134.0000 7.0000 245.0000 96.0000 277.0000 58.0000
57.0000 61.0000 257.0000 4877.0000 4.0000 172.0000 51.0000 45.0000 447.0000 160.0000
46.0000 77.0000 46.0000 15.0000 3999.0000 7.0000 120.0000 23.0000 123.0000 1386.0000
153.0000 227.0000 247.0000 1313.0000 156.0000 2640.0000 203.0000 66.0000 137.0000 279.0000
171.0000 146.0000 315.0000 19.0000 112.0000 142.0000 4961.0000 1.0000 50.0000 1.0000
149.0000 268.0000 99.0000 34.0000 93.0000 2.0000 4.0000 4830.0000 169.0000 617.0000
32.0000 200.0000 106.0000 821.0000 40.0000 116.0000 46.0000 25.0000 4171.0000 294.0000
85.0000 105.0000 67.0000 137.0000 598.0000 37.0000 9.0000 430.0000 207.0000 4274.0000

RtS Confusion Matrix (Test):
875.0000 0.0000 9.0000 11.0000 0.0000 31.0000 42.0000 2.0000 9.0000 1.0000
0.0000 976.0000 29.0000 9.0000 0.0000 2.0000 6.0000 0.0000 98.0000 15.0000
32.0000 54.0000 724.0000 74.0000 28.0000 0.0000 29.0000 13.0000 67.0000 11.0000
6.0000 5.0000 28.0000 848.0000 1.0000 26.0000 8.0000 11.0000 57.0000 20.0000
7.0000 11.0000 6.0000 2.0000 664.0000 1.0000 21.0000 1.0000 15.0000 254.0000
27.0000 30.0000 32.0000 218.0000 26.0000 439.0000 40.0000 13.0000 32.0000 35.0000
44.0000 18.0000 49.0000 2.0000 27.0000 27.0000 788.0000 0.0000 3.0000 0.0000
14.0000 48.0000 28.0000 4.0000 13.0000 0.0000 0.0000 794.0000 31.0000 96.0000
8.0000 15.0000 16.0000 134.0000 8.0000 15.0000 13.0000 7.0000 709.0000 49.0000
15.0000 16.0000 12.0000 14.0000 93.0000 13.0000 3.0000 50.0000 23.0000 770.0000

Decoder Confusion Matrix (Train):
5635.0000 11.0000 21.0000 23.0000 30.0000 60.0000 71.0000 3.0000 64.0000 5.0000
2.0000 6511.0000 37.0000 15.0000 10.0000 29.0000 10.0000 14.0000 110.0000 4.0000
91.0000 270.0000 4777.0000 154.0000 110.0000 10.0000 233.0000 93.0000 196.0000 24.0000
40.0000 155.0000 183.0000 5172.0000 24.0000 105.0000 70.0000 123.0000 127.0000 132.0000
11.0000 101.0000 56.0000 8.0000 5104.0000 60.0000 53.0000 20.0000 89.0000 340.0000
131.0000 75.0000 41.0000 543.0000 84.0000 3713.0000 192.0000 55.0000 426.0000 161.0000
101.0000 71.0000 63.0000 3.0000 51.0000 100.0000 5479.0000 0.0000 49.0000 1.0000
57.0000 190.0000 44.0000 58.0000 151.0000 7.0000 6.0000 5398.0000 24.0000 330.0000
77.0000 532.0000 66.0000 229.0000 121.0000 206.0000 61.0000 28.0000 4349.0000 182.0000
67.0000 64.0000 26.0000 116.0000 347.0000 13.0000 5.0000 480.0000 54.0000 4777.0000

Decoder Confusion Matrix (Test):
943.0000 0.0000 2.0000 2.0000 0.0000 9.0000 15.0000 1.0000 7.0000 1.0000
0.0000 1106.0000 2.0000 2.0000 1.0000 1.0000 5.0000 2.0000 16.0000 0.0000
16.0000 56.0000 823.0000 26.0000 16.0000 0.0000 33.0000 18.0000 39.0000 5.0000
5.0000 16.0000 22.0000 886.0000 2.0000 11.0000 13.0000 26.0000 19.0000 10.0000
1.0000 23.0000 6.0000 1.0000 871.0000 3.0000 9.0000 1.0000 13.0000 54.0000
22.0000 14.0000 5.0000 87.0000 17.0000 620.0000 24.0000 15.0000 66.0000 22.0000
18.0000 9.0000 12.0000 0.0000 17.0000 17.0000 875.0000 0.0000 10.0000 0.0000
4.0000 41.0000 16.0000 7.0000 18.0000 1.0000 2.0000 879.0000 5.0000 55.0000
15.0000 52.0000 10.0000 32.0000 28.0000 41.0000 18.0000 13.0000 743.0000 22.0000
18.0000 11.0000 3.0000 14.0000 68.0000 0.0000 1.0000 70.0000 11.0000 813.0000

