Colored MNIST Experiment Results
==============================

Supervised Decoder:
------------------
Training:
Digit accuracy: 0.8033
Color accuracy: 1.0000
Full accuracy: 0.8033

Testing:
Digit accuracy: 0.6418
Color accuracy: 1.0000
Full accuracy: 0.6418

RtS Classification:
------------------
Training:
Digit accuracy: 0.7211
Color accuracy: 0.9987
Full accuracy: 0.7206

Testing:
Digit accuracy: 0.5399
Color accuracy: 0.9990
Full accuracy: 0.5395

StR-rep Cosine Similarities:
---------------------------
Average diagonal (matching pairs): 0.3805
Average off-diagonal (non-matching pairs): 0.3703

Full association matrix:
(d:0,c:0) 0.6297 0.5074 0.5454 0.5625 0.5133 0.5767 0.5454 0.5181 0.5538 0.5219 0.4655 0.3606 0.3953 0.4135 0.3525 0.4100 0.3742 0.3762 0.3879 0.3608
(d:0,c:1) 0.3837 0.2639 0.2808 0.3236 0.2744 0.3344 0.3089 0.2571 0.3086 0.2788 0.4958 0.4309 0.4319 0.4758 0.4082 0.4642 0.3998 0.4213 0.4442 0.4177
(d:1,c:0) 0.3559 0.4694 0.3848 0.4022 0.3509 0.3854 0.3641 0.3627 0.3995 0.3654 0.2351 0.3684 0.2795 0.2954 0.2377 0.2662 0.2362 0.2593 0.2816 0.2485
(d:1,c:1) 0.2167 0.2886 0.2104 0.2476 0.1966 0.2339 0.2152 0.1901 0.2389 0.2069 0.3009 0.4212 0.3291 0.3652 0.3018 0.3344 0.2814 0.3156 0.3446 0.3130
(d:2,c:0) 0.5012 0.5213 0.5615 0.5160 0.4900 0.4992 0.5154 0.4862 0.5193 0.4857 0.3545 0.3837 0.4244 0.3798 0.3416 0.3470 0.3683 0.3472 0.3686 0.3358
(d:2,c:1) 0.3232 0.3129 0.3345 0.3265 0.2929 0.3125 0.3242 0.2685 0.3207 0.2871 0.4401 0.4797 0.4881 0.4811 0.4277 0.4446 0.4249 0.4274 0.4594 0.4260
(d:3,c:0) 0.4591 0.4686 0.4550 0.5354 0.4199 0.4871 0.4265 0.4168 0.4783 0.4308 0.2491 0.2747 0.2587 0.3079 0.2262 0.2675 0.2187 0.2392 0.2636 0.2347
(d:3,c:1) 0.3010 0.2866 0.2653 0.3569 0.2513 0.3168 0.2651 0.2312 0.3025 0.2585 0.3246 0.3584 0.3239 0.3898 0.3044 0.3487 0.2774 0.3110 0.3428 0.3140
(d:4,c:0) 0.5307 0.5239 0.5529 0.5404 0.6127 0.5521 0.5607 0.5540 0.5649 0.5894 0.3695 0.3598 0.3823 0.3779 0.4352 0.3794 0.3853 0.4018 0.3914 0.4127
(d:4,c:1) 0.3256 0.2914 0.3019 0.3238 0.3696 0.3334 0.3383 0.2997 0.3346 0.3485 0.4498 0.4580 0.4489 0.4776 0.5012 0.4691 0.4342 0.4689 0.4754 0.4863
(d:5,c:0) 0.3904 0.3804 0.3782 0.4076 0.3608 0.4112 0.3682 0.3683 0.3969 0.3729 0.3497 0.3358 0.3293 0.3800 0.3110 0.3844 0.3156 0.3271 0.3558 0.3262
(d:5,c:1) 0.2354 0.2035 0.1911 0.2416 0.1928 0.2445 0.2077 0.1804 0.2253 0.2009 0.4115 0.4134 0.3855 0.4537 0.3784 0.4493 0.3602 0.3873 0.4231 0.3936
(d:6,c:0) 0.5198 0.5201 0.5378 0.5179 0.5175 0.5256 0.5731 0.4926 0.5303 0.5156 0.3600 0.3673 0.3843 0.3661 0.3551 0.3607 0.4130 0.3429 0.3658 0.3529
(d:6,c:1) 0.3328 0.3057 0.3081 0.3221 0.3097 0.3285 0.3660 0.2677 0.3237 0.3060 0.4426 0.4640 0.4521 0.4677 0.4371 0.4541 0.4596 0.4219 0.4550 0.4384
(d:7,c:0) 0.4439 0.4551 0.4443 0.4571 0.4758 0.4642 0.4304 0.5586 0.4672 0.5037 0.2167 0.2299 0.2233 0.2310 0.2307 0.2260 0.2106 0.2845 0.2305 0.2453
(d:7,c:1) 0.3150 0.2995 0.2783 0.3185 0.3244 0.3250 0.2924 0.3801 0.3196 0.3479 0.3339 0.3602 0.3299 0.3657 0.3452 0.3525 0.3029 0.3897 0.3535 0.3615
(d:8,c:0) 0.4679 0.5025 0.4882 0.4934 0.4672 0.4951 0.4671 0.4635 0.5183 0.4772 0.3257 0.3676 0.3525 0.3616 0.3245 0.3488 0.3189 0.3315 0.3730 0.3322
(d:8,c:1) 0.2957 0.2993 0.2765 0.3084 0.2760 0.3098 0.2851 0.2534 0.3209 0.2822 0.3987 0.4470 0.4110 0.4464 0.3963 0.4276 0.3686 0.3975 0.4445 0.4055
(d:9,c:0) 0.3504 0.3648 0.3624 0.3677 0.3847 0.3721 0.3580 0.3882 0.3794 0.3985 0.2995 0.3277 0.3177 0.3270 0.3678 0.3288 0.3204 0.3841 0.3435 0.3898
(d:9,c:1) 0.2118 0.2007 0.1883 0.2185 0.2226 0.2223 0.2089 0.2074 0.2211 0.2324 0.3746 0.4113 0.3808 0.4148 0.4307 0.4084 0.3693 0.4401 0.4180 0.4520

StR-rec Reconstruction Similarities:
--------------------------------
Average similarity: 0.3125

Per-combination similarities:
Digit 0, Color 0: 0.4073
Digit 0, Color 1: 0.1739
Digit 1, Color 0: 0.4643
Digit 1, Color 1: 0.2168
Digit 2, Color 0: 0.4337
Digit 2, Color 1: 0.2156
Digit 3, Color 0: 0.3937
Digit 3, Color 1: 0.2113
Digit 4, Color 0: 0.4320
Digit 4, Color 1: 0.2049
Digit 5, Color 0: 0.2045
Digit 5, Color 1: 0.3244
Digit 6, Color 0: 0.2292
Digit 6, Color 1: 0.4247
Digit 7, Color 0: 0.2215
Digit 7, Color 1: 0.4473
Digit 8, Color 0: 0.2003
Digit 8, Color 1: 0.4328
Digit 9, Color 0: 0.2117
Digit 9, Color 1: 0.4005
