Colored MNIST Experiment Results
==============================

Supervised Decoder:
------------------
Training:
Digit accuracy: 0.7919
Color accuracy: 1.0000
Full accuracy: 0.7919

Testing:
Digit accuracy: 0.6600
Color accuracy: 1.0000
Full accuracy: 0.6600

RtS Classification:
------------------
Training:
Digit accuracy: 0.7037
Color accuracy: 1.0000
Full accuracy: 0.7037

Testing:
Digit accuracy: 0.5282
Color accuracy: 1.0000
Full accuracy: 0.5282

StR-rep Cosine Similarities:
---------------------------
Average diagonal (matching pairs): 0.3870
Average off-diagonal (non-matching pairs): 0.3908

Full association matrix:
(d:0,c:0) 0.5170 0.4025 0.4540 0.4453 0.4296 0.4700 0.4618 0.4322 0.4503 0.4372 0.3962 0.2678 0.3235 0.3247 0.2996 0.3400 0.3369 0.3062 0.3161 0.3041
(d:0,c:1) 0.3652 0.2544 0.3024 0.2939 0.2867 0.3256 0.3059 0.2888 0.3138 0.2998 0.5115 0.3848 0.4420 0.4510 0.4228 0.4685 0.4462 0.4237 0.4518 0.4343
(d:1,c:0) 0.3533 0.4661 0.3908 0.3886 0.3589 0.3798 0.3721 0.3701 0.3912 0.3678 0.2347 0.3492 0.2738 0.2658 0.2375 0.2566 0.2574 0.2555 0.2681 0.2467
(d:1,c:1) 0.2353 0.3426 0.2687 0.2661 0.2440 0.2654 0.2469 0.2547 0.2827 0.2582 0.3574 0.4638 0.3944 0.3939 0.3619 0.3879 0.3708 0.3747 0.4043 0.3776
(d:2,c:0) 0.5131 0.5199 0.5726 0.5171 0.5010 0.5008 0.5337 0.4916 0.5172 0.4926 0.3750 0.3769 0.4348 0.3694 0.3539 0.3522 0.4006 0.3544 0.3673 0.3414
(d:2,c:1) 0.3582 0.3608 0.4120 0.3573 0.3506 0.3515 0.3694 0.3410 0.3756 0.3494 0.5317 0.5262 0.5884 0.5340 0.5133 0.5210 0.5452 0.5076 0.5425 0.5099
(d:3,c:0) 0.5501 0.5580 0.5524 0.6156 0.5151 0.5741 0.5264 0.5203 0.5638 0.5277 0.3877 0.3898 0.3886 0.4435 0.3461 0.4054 0.3675 0.3640 0.3875 0.3580
(d:3,c:1) 0.3881 0.3918 0.3859 0.4471 0.3584 0.4173 0.3558 0.3630 0.4155 0.3781 0.5510 0.5455 0.5502 0.6137 0.5128 0.5804 0.5193 0.5238 0.5699 0.5335
(d:4,c:0) 0.5214 0.4974 0.5342 0.5105 0.5909 0.5280 0.5501 0.5382 0.5359 0.5654 0.3633 0.3349 0.3704 0.3442 0.4338 0.3627 0.4007 0.3927 0.3685 0.4024
(d:4,c:1) 0.3655 0.3375 0.3737 0.3496 0.4389 0.3778 0.3846 0.3863 0.3941 0.4211 0.5364 0.5004 0.5417 0.5258 0.6087 0.5481 0.5613 0.5613 0.5611 0.5869
(d:5,c:0) 0.5032 0.4840 0.4753 0.5069 0.4759 0.5312 0.4797 0.4733 0.5044 0.4893 0.3585 0.3339 0.3276 0.3590 0.3248 0.3813 0.3392 0.3335 0.3507 0.3364
(d:5,c:1) 0.3542 0.3319 0.3232 0.3534 0.3317 0.3864 0.3232 0.3289 0.3679 0.3513 0.5019 0.4713 0.4705 0.5098 0.4714 0.5349 0.4725 0.4740 0.5115 0.4908
(d:6,c:0) 0.4035 0.3778 0.4096 0.3788 0.3954 0.3942 0.4617 0.3641 0.3920 0.3900 0.1949 0.1762 0.1962 0.1797 0.1869 0.1864 0.2267 0.1776 0.1839 0.1830
(d:6,c:1) 0.3160 0.2859 0.3192 0.2863 0.3106 0.3103 0.3705 0.2774 0.3141 0.3103 0.3317 0.3064 0.3318 0.3216 0.3250 0.3316 0.3564 0.3104 0.3340 0.3276
(d:7,c:0) 0.4207 0.4192 0.4135 0.4199 0.4459 0.4316 0.4094 0.5216 0.4305 0.4677 0.2004 0.1952 0.1957 0.1961 0.2073 0.2004 0.1988 0.2522 0.1986 0.2180
(d:7,c:1) 0.3173 0.3125 0.3063 0.3125 0.3469 0.3331 0.2983 0.4249 0.3385 0.3753 0.3447 0.3333 0.3385 0.3468 0.3538 0.3544 0.3336 0.3951 0.3581 0.3721
(d:8,c:0) 0.4323 0.4556 0.4483 0.4427 0.4327 0.4486 0.4358 0.4302 0.4640 0.4364 0.3616 0.3962 0.3841 0.3842 0.3517 0.3857 0.3622 0.3615 0.4104 0.3599
(d:8,c:1) 0.2473 0.2638 0.2573 0.2522 0.2511 0.2656 0.2430 0.2487 0.2851 0.2601 0.4421 0.4653 0.4598 0.4676 0.4356 0.4720 0.4332 0.4388 0.4984 0.4497
(d:9,c:0) 0.3999 0.3981 0.4037 0.4040 0.4348 0.4147 0.4136 0.4293 0.4171 0.4467 0.3413 0.3385 0.3403 0.3429 0.4064 0.3589 0.3678 0.4104 0.3622 0.4227
(d:9,c:1) 0.2458 0.2408 0.2456 0.2455 0.2814 0.2641 0.2508 0.2761 0.2730 0.2985 0.4561 0.4472 0.4538 0.4643 0.5179 0.4823 0.4707 0.5163 0.4911 0.5404

StR-rec Reconstruction Similarities:
--------------------------------
Average similarity: 0.3132

Per-combination similarities:
Digit 0, Color 0: 0.4077
Digit 0, Color 1: 0.1722
Digit 1, Color 0: 0.4556
Digit 1, Color 1: 0.2113
Digit 2, Color 0: 0.4268
Digit 2, Color 1: 0.2236
Digit 3, Color 0: 0.3996
Digit 3, Color 1: 0.2177
Digit 4, Color 0: 0.4216
Digit 4, Color 1: 0.2011
Digit 5, Color 0: 0.2053
Digit 5, Color 1: 0.3401
Digit 6, Color 0: 0.2330
Digit 6, Color 1: 0.4396
Digit 7, Color 0: 0.2198
Digit 7, Color 1: 0.4332
Digit 8, Color 0: 0.1973
Digit 8, Color 1: 0.4294
Digit 9, Color 0: 0.2168
Digit 9, Color 1: 0.4124
