Colored MNIST Experiment Results
==============================

Supervised Decoder:
------------------
Training:
Digit accuracy: 0.7857
Color accuracy: 1.0000
Full accuracy: 0.7857

Testing:
Digit accuracy: 0.6349
Color accuracy: 1.0000
Full accuracy: 0.6349

RtS Classification:
------------------
Training:
Digit accuracy: 0.6581
Color accuracy: 1.0000
Full accuracy: 0.6581

Testing:
Digit accuracy: 0.4842
Color accuracy: 1.0000
Full accuracy: 0.4842

StR-rep Cosine Similarities:
---------------------------
Average diagonal (matching pairs): 0.1611
Average off-diagonal (non-matching pairs): 0.1612

Full association matrix:
(d:0,c:0) 0.1636 0.0567 0.1265 0.1511 0.1880 0.1446 0.1640 0.1961 0.1606 0.1963 0.1633 0.0671 0.2096 0.1732 0.1582 0.1201 0.2121 0.1274 0.1715 0.1542
(d:0,c:1) 0.1613 0.0549 0.1243 0.1492 0.1860 0.1426 0.1616 0.1941 0.1587 0.1943 0.1665 0.0708 0.2130 0.1768 0.1617 0.1238 0.2152 0.1309 0.1753 0.1578
(d:1,c:0) 0.1965 0.1611 0.1832 0.2056 0.2283 0.1935 0.2071 0.2404 0.2156 0.2378 0.2005 0.1789 0.2671 0.2308 0.2029 0.1768 0.2588 0.1834 0.2311 0.2048
(d:1,c:1) 0.1925 0.1585 0.1794 0.2023 0.2247 0.1901 0.2029 0.2368 0.2124 0.2343 0.2066 0.1864 0.2736 0.2377 0.2095 0.1839 0.2648 0.1902 0.2384 0.2116
(d:2,c:0) 0.1620 0.0577 0.1276 0.1511 0.1883 0.1439 0.1642 0.1961 0.1607 0.1963 0.1615 0.0685 0.2110 0.1732 0.1586 0.1195 0.2125 0.1276 0.1717 0.1543
(d:2,c:1) 0.1598 0.0559 0.1254 0.1491 0.1862 0.1419 0.1618 0.1941 0.1588 0.1942 0.1648 0.0722 0.2144 0.1769 0.1620 0.1232 0.2157 0.1311 0.1756 0.1579
(d:3,c:0) 0.1624 0.0581 0.1269 0.1527 0.1883 0.1450 0.1638 0.1964 0.1613 0.1967 0.1617 0.0685 0.2099 0.1745 0.1582 0.1203 0.2117 0.1276 0.1720 0.1544
(d:3,c:1) 0.1602 0.0563 0.1246 0.1507 0.1863 0.1430 0.1614 0.1944 0.1594 0.1947 0.1649 0.0722 0.2133 0.1781 0.1617 0.1240 0.2149 0.1311 0.1758 0.1580
(d:4,c:0) 0.1618 0.0569 0.1264 0.1507 0.1897 0.1441 0.1642 0.1966 0.1607 0.1972 0.1612 0.0675 0.2094 0.1724 0.1600 0.1195 0.2121 0.1279 0.1716 0.1553
(d:4,c:1) 0.1595 0.0550 0.1241 0.1488 0.1877 0.1422 0.1618 0.1945 0.1588 0.1952 0.1644 0.0711 0.2128 0.1761 0.1634 0.1232 0.2153 0.1314 0.1754 0.1589
(d:5,c:0) 0.1629 0.0579 0.1267 0.1522 0.1890 0.1457 0.1643 0.1968 0.1616 0.1973 0.1622 0.0684 0.2096 0.1739 0.1589 0.1211 0.2122 0.1281 0.1723 0.1552
(d:5,c:1) 0.1606 0.0561 0.1244 0.1502 0.1869 0.1437 0.1619 0.1948 0.1597 0.1953 0.1655 0.0721 0.2131 0.1776 0.1624 0.1248 0.2153 0.1316 0.1762 0.1588
(d:6,c:0) 0.1637 0.0586 0.1284 0.1519 0.1901 0.1454 0.1673 0.1972 0.1620 0.1980 0.1598 0.0660 0.2080 0.1710 0.1569 0.1178 0.2112 0.1256 0.1697 0.1528
(d:6,c:1) 0.1614 0.0567 0.1262 0.1500 0.1880 0.1434 0.1649 0.1951 0.1601 0.1960 0.1631 0.0697 0.2114 0.1746 0.1604 0.1215 0.2144 0.1291 0.1735 0.1564
(d:7,c:0) 0.1625 0.0579 0.1267 0.1515 0.1896 0.1448 0.1640 0.1995 0.1614 0.1984 0.1592 0.0658 0.2072 0.1708 0.1567 0.1174 0.2095 0.1268 0.1693 0.1529
(d:7,c:1) 0.1602 0.0561 0.1245 0.1495 0.1875 0.1429 0.1616 0.1974 0.1595 0.1964 0.1624 0.0695 0.2106 0.1744 0.1601 0.1211 0.2127 0.1303 0.1731 0.1565
(d:8,c:0) 0.1608 0.0564 0.1255 0.1500 0.1873 0.1433 0.1628 0.1951 0.1601 0.1954 0.1619 0.0692 0.2106 0.1739 0.1593 0.1209 0.2125 0.1284 0.1733 0.1554
(d:8,c:1) 0.1585 0.0546 0.1232 0.1481 0.1852 0.1414 0.1604 0.1930 0.1582 0.1934 0.1652 0.0729 0.2140 0.1776 0.1628 0.1246 0.2156 0.1319 0.1771 0.1590
(d:9,c:0) 0.1610 0.0565 0.1255 0.1500 0.1883 0.1434 0.1631 0.1962 0.1600 0.1967 0.1624 0.0691 0.2106 0.1742 0.1615 0.1212 0.2135 0.1306 0.1732 0.1579
(d:9,c:1) 0.1587 0.0546 0.1232 0.1481 0.1862 0.1414 0.1606 0.1941 0.1581 0.1946 0.1657 0.0728 0.2141 0.1778 0.1650 0.1249 0.2167 0.1342 0.1771 0.1615

StR-rec Reconstruction Similarities:
--------------------------------
Average similarity: 0.3130

Per-combination similarities:
Digit 0, Color 0: 0.4069
Digit 0, Color 1: 0.1718
Digit 1, Color 0: 0.4532
Digit 1, Color 1: 0.2117
Digit 2, Color 0: 0.4286
Digit 2, Color 1: 0.2198
Digit 3, Color 0: 0.4035
Digit 3, Color 1: 0.2164
Digit 4, Color 0: 0.4213
Digit 4, Color 1: 0.2020
Digit 5, Color 0: 0.2049
Digit 5, Color 1: 0.3333
Digit 6, Color 0: 0.2330
Digit 6, Color 1: 0.4383
Digit 7, Color 0: 0.2207
Digit 7, Color 1: 0.4434
Digit 8, Color 0: 0.1964
Digit 8, Color 1: 0.4315
Digit 9, Color 0: 0.2156
Digit 9, Color 1: 0.4069
