Colored MNIST Experiment Results
==============================

Supervised Decoder:
------------------
Training:
Digit accuracy: 0.7779
Color accuracy: 1.0000
Full accuracy: 0.7779

Testing:
Digit accuracy: 0.6727
Color accuracy: 1.0000
Full accuracy: 0.6727

RtS Classification:
------------------
Training:
Digit accuracy: 0.6855
Color accuracy: 1.0000
Full accuracy: 0.6855

Testing:
Digit accuracy: 0.5221
Color accuracy: 1.0000
Full accuracy: 0.5221

StR-rep Cosine Similarities:
---------------------------
Average diagonal (matching pairs): 0.3844
Average off-diagonal (non-matching pairs): 0.3819

Full association matrix:
(d:0,c:0) 0.5797 0.4739 0.5107 0.5206 0.4795 0.5353 0.5073 0.4869 0.5149 0.4882 0.4474 0.3259 0.3671 0.3715 0.3276 0.3898 0.3789 0.3214 0.3662 0.3310
(d:0,c:1) 0.4171 0.3069 0.3425 0.3505 0.3364 0.3682 0.3389 0.3597 0.3440 0.3466 0.5929 0.4748 0.5126 0.5217 0.5001 0.5444 0.5224 0.5107 0.5194 0.5111
(d:1,c:0) 0.3450 0.4689 0.3837 0.3884 0.3476 0.3770 0.3600 0.3645 0.3934 0.3643 0.2264 0.3589 0.2715 0.2706 0.2296 0.2596 0.2530 0.2329 0.2740 0.2367
(d:1,c:1) 0.2180 0.3404 0.2533 0.2565 0.2363 0.2471 0.2292 0.2657 0.2609 0.2543 0.3367 0.4739 0.3829 0.3855 0.3617 0.3777 0.3625 0.3781 0.3913 0.3747
(d:2,c:0) 0.4767 0.4923 0.5300 0.4901 0.4643 0.4733 0.4889 0.4586 0.4920 0.4607 0.3529 0.3715 0.4182 0.3601 0.3349 0.3445 0.3846 0.3106 0.3648 0.3229
(d:2,c:1) 0.3217 0.3345 0.3710 0.3288 0.3287 0.3145 0.3293 0.3381 0.3301 0.3265 0.4901 0.5133 0.5569 0.5025 0.4987 0.4908 0.5208 0.4901 0.5102 0.4937
(d:3,c:0) 0.5173 0.5330 0.5229 0.5903 0.4785 0.5469 0.4886 0.4930 0.5412 0.4984 0.3763 0.3904 0.3831 0.4480 0.3304 0.4038 0.3571 0.3248 0.3934 0.3390
(d:3,c:1) 0.3495 0.3619 0.3503 0.4159 0.3312 0.3752 0.3156 0.3617 0.3658 0.3526 0.5187 0.5375 0.5264 0.5961 0.5011 0.5560 0.4981 0.5124 0.5444 0.5173
(d:4,c:0) 0.5156 0.5034 0.5295 0.5210 0.5931 0.5359 0.5409 0.5521 0.5486 0.5760 0.3461 0.3318 0.3600 0.3421 0.4070 0.3585 0.3833 0.3453 0.3694 0.3790
(d:4,c:1) 0.3405 0.3250 0.3494 0.3389 0.4388 0.3566 0.3605 0.4142 0.3656 0.4232 0.4889 0.4796 0.5037 0.4906 0.5786 0.5113 0.5246 0.5345 0.5210 0.5585
(d:5,c:0) 0.5198 0.5086 0.4940 0.5363 0.4919 0.5566 0.4975 0.4952 0.5333 0.5082 0.3801 0.3618 0.3500 0.3895 0.3472 0.4167 0.3645 0.3287 0.3889 0.3544
(d:5,c:1) 0.3469 0.3328 0.3168 0.3565 0.3395 0.3792 0.3200 0.3584 0.3528 0.3570 0.5120 0.4986 0.4832 0.5266 0.5073 0.5576 0.4953 0.5055 0.5291 0.5218
(d:6,c:0) 0.4476 0.4305 0.4628 0.4313 0.4451 0.4405 0.5119 0.4192 0.4411 0.4367 0.2284 0.2240 0.2454 0.2225 0.2290 0.2286 0.2784 0.2015 0.2301 0.2209
(d:6,c:1) 0.3323 0.3113 0.3443 0.3090 0.3472 0.3213 0.3966 0.3334 0.3188 0.3396 0.3648 0.3642 0.3838 0.3632 0.3898 0.3734 0.4170 0.3750 0.3741 0.3877
(d:7,c:0) 0.2934 0.2965 0.2930 0.3004 0.2962 0.3020 0.2854 0.3340 0.3053 0.3113 0.2623 0.2653 0.2588 0.2673 0.2731 0.2711 0.2580 0.3291 0.2730 0.2899
(d:7,c:1) 0.1673 0.1680 0.1637 0.1694 0.1835 0.1728 0.1564 0.2301 0.1736 0.1989 0.3427 0.3487 0.3401 0.3512 0.3718 0.3576 0.3378 0.4363 0.3586 0.3927
(d:8,c:0) 0.3908 0.4294 0.4031 0.4155 0.3851 0.4228 0.3757 0.3976 0.4461 0.4064 0.2078 0.2251 0.2092 0.2180 0.1908 0.2225 0.1989 0.1874 0.2340 0.1976
(d:8,c:1) 0.3044 0.3457 0.3144 0.3269 0.3150 0.3376 0.2831 0.3425 0.3610 0.3405 0.3535 0.3771 0.3559 0.3697 0.3577 0.3784 0.3424 0.3678 0.3905 0.3717
(d:9,c:0) 0.3797 0.3982 0.3939 0.3988 0.4121 0.3967 0.3916 0.4154 0.4096 0.4313 0.3290 0.3368 0.3381 0.3372 0.3990 0.3538 0.3674 0.3615 0.3632 0.4111
(d:9,c:1) 0.2040 0.2180 0.2128 0.2157 0.2497 0.2160 0.2107 0.2655 0.2248 0.2681 0.4087 0.4195 0.4177 0.4205 0.4944 0.4389 0.4421 0.4744 0.4463 0.5113

StR-rec Reconstruction Similarities:
--------------------------------
Average similarity: 0.3140

Per-combination similarities:
Digit 0, Color 0: 0.4141
Digit 0, Color 1: 0.1615
Digit 1, Color 0: 0.4571
Digit 1, Color 1: 0.2112
Digit 2, Color 0: 0.4426
Digit 2, Color 1: 0.2262
Digit 3, Color 0: 0.3979
Digit 3, Color 1: 0.2121
Digit 4, Color 0: 0.4226
Digit 4, Color 1: 0.1994
Digit 5, Color 0: 0.2011
Digit 5, Color 1: 0.3512
Digit 6, Color 0: 0.2300
Digit 6, Color 1: 0.4430
Digit 7, Color 0: 0.2159
Digit 7, Color 1: 0.4360
Digit 8, Color 0: 0.1973
Digit 8, Color 1: 0.4358
Digit 9, Color 0: 0.2139
Digit 9, Color 1: 0.4111
