Colored MNIST Experiment Results
==============================

Supervised Decoder:
------------------
Training:
Digit accuracy: 0.7850
Color accuracy: 1.0000
Full accuracy: 0.7850

Testing:
Digit accuracy: 0.6615
Color accuracy: 1.0000
Full accuracy: 0.6615

RtS Classification:
------------------
Training:
Digit accuracy: 0.6785
Color accuracy: 0.9999
Full accuracy: 0.6784

Testing:
Digit accuracy: 0.5218
Color accuracy: 1.0000
Full accuracy: 0.5218

StR-rep Cosine Similarities:
---------------------------
Average diagonal (matching pairs): 0.3450
Average off-diagonal (non-matching pairs): 0.3495

Full association matrix:
(d:0,c:0) 0.5811 0.5032 0.5286 0.5306 0.5041 0.5411 0.5338 0.5027 0.5272 0.5041 0.4507 0.3728 0.3989 0.3894 0.3431 0.4039 0.3922 0.3666 0.3890 0.3557
(d:0,c:1) 0.3542 0.3495 0.3293 0.3309 0.3323 0.3334 0.3353 0.3385 0.3324 0.3309 0.4739 0.4777 0.4666 0.4440 0.4171 0.4560 0.4426 0.4689 0.4604 0.4363
(d:1,c:0) 0.2217 0.3835 0.2839 0.2793 0.2672 0.2601 0.2736 0.2733 0.2867 0.2721 0.1275 0.2705 0.1979 0.1731 0.1462 0.1627 0.1639 0.1985 0.1890 0.1644
(d:1,c:1) 0.1234 0.2978 0.1882 0.1841 0.1862 0.1639 0.1800 0.1955 0.1930 0.1896 0.1634 0.3258 0.2446 0.2149 0.1977 0.2057 0.2049 0.2607 0.2378 0.2183
(d:2,c:0) 0.4150 0.5028 0.4973 0.4541 0.4473 0.4289 0.4690 0.4372 0.4605 0.4389 0.3079 0.4213 0.4133 0.3469 0.3106 0.3261 0.3567 0.3505 0.3622 0.3194
(d:2,c:1) 0.2269 0.3465 0.3086 0.2737 0.2873 0.2484 0.2871 0.2852 0.2824 0.2793 0.3255 0.4725 0.4395 0.3742 0.3546 0.3574 0.3791 0.4127 0.4000 0.3687
(d:3,c:0) 0.4734 0.5578 0.5139 0.5609 0.4873 0.5164 0.4930 0.4918 0.5246 0.4969 0.3425 0.4536 0.4038 0.4307 0.3284 0.3900 0.3575 0.3784 0.4032 0.3534
(d:3,c:1) 0.2593 0.3797 0.3083 0.3455 0.3078 0.3047 0.2931 0.3179 0.3205 0.3141 0.3567 0.5057 0.4372 0.4456 0.3749 0.4132 0.3842 0.4428 0.4385 0.4023
(d:4,c:0) 0.3721 0.4088 0.3985 0.3897 0.4362 0.3887 0.4082 0.3931 0.3895 0.4113 0.3487 0.3578 0.3809 0.3442 0.4298 0.3577 0.3926 0.3692 0.3743 0.4011
(d:4,c:1) 0.1909 0.2732 0.2290 0.2217 0.2801 0.2155 0.2383 0.2512 0.2253 0.2585 0.3687 0.4356 0.4262 0.3835 0.4640 0.3945 0.4200 0.4419 0.4226 0.4478
(d:5,c:0) 0.4357 0.4949 0.4525 0.4759 0.4579 0.4812 0.4581 0.4535 0.4786 0.4660 0.3190 0.3982 0.3524 0.3572 0.3109 0.3676 0.3340 0.3502 0.3672 0.3348
(d:5,c:1) 0.2455 0.3436 0.2749 0.2939 0.2987 0.2931 0.2808 0.3012 0.2997 0.3041 0.3391 0.4606 0.3962 0.3879 0.3601 0.3963 0.3660 0.4185 0.4099 0.3867
(d:6,c:0) 0.4222 0.4577 0.4609 0.4239 0.4535 0.4296 0.5152 0.4179 0.4432 0.4405 0.2203 0.2832 0.2677 0.2337 0.2257 0.2351 0.2745 0.2449 0.2506 0.2328
(d:6,c:1) 0.2656 0.3462 0.3154 0.2826 0.3279 0.2825 0.3647 0.3024 0.3032 0.3152 0.2727 0.3844 0.3440 0.3020 0.3046 0.3031 0.3351 0.3477 0.3305 0.3179
(d:7,c:0) 0.2718 0.3650 0.3125 0.3127 0.3235 0.3002 0.3153 0.3477 0.3211 0.3313 0.2306 0.3526 0.2946 0.2702 0.2598 0.2666 0.2591 0.3656 0.2922 0.2918
(d:7,c:1) 0.1350 0.2484 0.1799 0.1800 0.2036 0.1659 0.1832 0.2278 0.1895 0.2089 0.2465 0.3884 0.3209 0.2919 0.2911 0.2890 0.2807 0.3966 0.3202 0.3223
(d:8,c:0) 0.3960 0.4758 0.4354 0.4372 0.4297 0.4314 0.4263 0.4234 0.4590 0.4338 0.2866 0.3901 0.3467 0.3272 0.2922 0.3263 0.3104 0.3304 0.3566 0.3115
(d:8,c:1) 0.2273 0.3412 0.2751 0.2765 0.2887 0.2669 0.2688 0.2892 0.2981 0.2910 0.3144 0.4546 0.3928 0.3650 0.3451 0.3642 0.3481 0.4020 0.4026 0.3679
(d:9,c:0) 0.4192 0.5005 0.4571 0.4632 0.5090 0.4636 0.4717 0.5029 0.4836 0.5207 0.2770 0.3797 0.3351 0.3163 0.3235 0.3188 0.3192 0.3626 0.3430 0.3482
(d:9,c:1) 0.2289 0.3436 0.2750 0.2798 0.3358 0.2750 0.2880 0.3370 0.2997 0.3441 0.3011 0.4399 0.3773 0.3502 0.3656 0.3521 0.3495 0.4232 0.3853 0.3925

StR-rec Reconstruction Similarities:
--------------------------------
Average similarity: 0.3134

Per-combination similarities:
Digit 0, Color 0: 0.4124
Digit 0, Color 1: 0.1777
Digit 1, Color 0: 0.4677
Digit 1, Color 1: 0.2207
Digit 2, Color 0: 0.4366
Digit 2, Color 1: 0.2224
Digit 3, Color 0: 0.4035
Digit 3, Color 1: 0.2194
Digit 4, Color 0: 0.4375
Digit 4, Color 1: 0.1994
Digit 5, Color 0: 0.2020
Digit 5, Color 1: 0.3189
Digit 6, Color 0: 0.2253
Digit 6, Color 1: 0.4243
Digit 7, Color 0: 0.2160
Digit 7, Color 1: 0.4464
Digit 8, Color 0: 0.1964
Digit 8, Color 1: 0.4243
Digit 9, Color 0: 0.2096
Digit 9, Color 1: 0.4082
