Colored MNIST Experiment Results
==============================

Supervised Decoder:
------------------
Training:
Digit accuracy: 0.7636
Color accuracy: 1.0000
Full accuracy: 0.7636

Testing:
Digit accuracy: 0.6857
Color accuracy: 1.0000
Full accuracy: 0.6857

RtS Classification:
------------------
Training:
Digit accuracy: 0.6390
Color accuracy: 0.9279
Full accuracy: 0.5869

Testing:
Digit accuracy: 0.5242
Color accuracy: 0.9046
Full accuracy: 0.4729

StR-rep Cosine Similarities:
---------------------------
Average diagonal (matching pairs): 0.2615
Average off-diagonal (non-matching pairs): 0.2613

Full association matrix:
(d:0,c:0) 0.3822 0.2098 0.2772 0.3536 0.3268 0.3392 0.3460 0.3336 0.2961 0.3203 0.3079 0.1885 0.2373 0.2520 0.2383 0.2647 0.3091 0.2453 0.2344 0.2387
(d:0,c:1) 0.2304 0.0673 0.1284 0.2101 0.1893 0.1903 0.2049 0.2003 0.1438 0.1814 0.2595 0.1479 0.1928 0.2071 0.2059 0.2208 0.2738 0.2194 0.1909 0.2090
(d:1,c:0) 0.3173 0.3995 0.3100 0.3587 0.3009 0.3375 0.3236 0.3449 0.3289 0.3239 0.2278 0.3097 0.2554 0.2432 0.2337 0.2537 0.2729 0.2484 0.2535 0.2383
(d:1,c:1) 0.2081 0.1956 0.1558 0.2349 0.1886 0.2055 0.2094 0.2290 0.1739 0.2001 0.2473 0.2584 0.2379 0.2359 0.2393 0.2509 0.2978 0.2620 0.2365 0.2464
(d:2,c:0) 0.3985 0.2766 0.3532 0.3965 0.3793 0.3707 0.3994 0.3799 0.3481 0.3671 0.3231 0.2490 0.3076 0.2937 0.2829 0.2927 0.3566 0.2834 0.2800 0.2774
(d:2,c:1) 0.2286 0.0951 0.1620 0.2251 0.2105 0.1975 0.2265 0.2183 0.1627 0.1989 0.2676 0.1830 0.2341 0.2311 0.2329 0.2366 0.3032 0.2432 0.2171 0.2326
(d:3,c:0) 0.3631 0.2404 0.2901 0.3866 0.3331 0.3503 0.3463 0.3439 0.3127 0.3311 0.2925 0.2196 0.2509 0.2867 0.2460 0.2772 0.3100 0.2553 0.2527 0.2504
(d:3,c:1) 0.2156 0.0840 0.1338 0.2284 0.1907 0.1946 0.2025 0.2044 0.1515 0.1857 0.2490 0.1669 0.2006 0.2284 0.2103 0.2280 0.2738 0.2254 0.2017 0.2159
(d:4,c:0) 0.3742 0.2372 0.2978 0.3679 0.3892 0.3558 0.3770 0.3703 0.3262 0.3703 0.2901 0.2079 0.2527 0.2588 0.2857 0.2706 0.3275 0.2708 0.2523 0.2720
(d:4,c:1) 0.2196 0.0780 0.1349 0.2135 0.2229 0.1947 0.2189 0.2182 0.1563 0.2073 0.2478 0.1591 0.2015 0.2106 0.2354 0.2238 0.2854 0.2356 0.2012 0.2298
(d:5,c:0) 0.3837 0.2472 0.2945 0.3870 0.3547 0.3754 0.3661 0.3626 0.3276 0.3541 0.3065 0.2198 0.2522 0.2786 0.2661 0.2970 0.3246 0.2691 0.2625 0.2678
(d:5,c:1) 0.2246 0.0836 0.1321 0.2245 0.2004 0.2060 0.2111 0.2124 0.1563 0.1962 0.2573 0.1660 0.2006 0.2224 0.2225 0.2397 0.2829 0.2339 0.2070 0.2265
(d:6,c:0) 0.3465 0.2169 0.2741 0.3419 0.3286 0.3241 0.3585 0.3249 0.2906 0.3192 0.2773 0.1974 0.2391 0.2429 0.2447 0.2539 0.3239 0.2413 0.2323 0.2415
(d:6,c:1) 0.2105 0.0745 0.1292 0.2054 0.1932 0.1835 0.2159 0.1974 0.1432 0.1835 0.2411 0.1547 0.1951 0.2025 0.2110 0.2151 0.2846 0.2177 0.1907 0.2117
(d:7,c:0) 0.3278 0.2037 0.2538 0.3292 0.3141 0.3088 0.3157 0.3399 0.2763 0.3127 0.2979 0.2243 0.2556 0.2717 0.2783 0.2796 0.3181 0.3219 0.2621 0.2874
(d:7,c:1) 0.1908 0.0581 0.1082 0.1896 0.1762 0.1658 0.1808 0.1994 0.1258 0.1716 0.2517 0.1690 0.2027 0.2181 0.2299 0.2287 0.2784 0.2667 0.2068 0.2386
(d:8,c:0) 0.5044 0.4510 0.4760 0.5165 0.5033 0.5182 0.4959 0.5024 0.5225 0.5088 0.2936 0.2685 0.2837 0.2932 0.2776 0.2963 0.3043 0.2715 0.2976 0.2768
(d:8,c:1) 0.3135 0.1984 0.2420 0.3184 0.3041 0.3036 0.3043 0.3136 0.2780 0.3023 0.2892 0.2193 0.2500 0.2639 0.2648 0.2742 0.3167 0.2744 0.2592 0.2686
(d:9,c:0) 0.3488 0.2370 0.2846 0.3523 0.3536 0.3384 0.3488 0.3553 0.3118 0.3530 0.3226 0.2569 0.2896 0.3030 0.3333 0.3159 0.3580 0.3282 0.3040 0.3400
(d:9,c:1) 0.1969 0.0690 0.1184 0.1967 0.1934 0.1763 0.1942 0.2020 0.1388 0.1889 0.2675 0.1876 0.2229 0.2368 0.2637 0.2509 0.3044 0.2709 0.2317 0.2710

StR-rec Reconstruction Similarities:
--------------------------------
Average similarity: 0.3119

Per-combination similarities:
Digit 0, Color 0: 0.4073
Digit 0, Color 1: 0.1790
Digit 1, Color 0: 0.4609
Digit 1, Color 1: 0.2143
Digit 2, Color 0: 0.4354
Digit 2, Color 1: 0.2211
Digit 3, Color 0: 0.3971
Digit 3, Color 1: 0.2224
Digit 4, Color 0: 0.4286
Digit 4, Color 1: 0.2062
Digit 5, Color 0: 0.2049
Digit 5, Color 1: 0.3189
Digit 6, Color 0: 0.2304
Digit 6, Color 1: 0.4354
Digit 7, Color 0: 0.2160
Digit 7, Color 1: 0.4405
Digit 8, Color 0: 0.1994
Digit 8, Color 1: 0.4133
Digit 9, Color 0: 0.2075
Digit 9, Color 1: 0.4005
