Colored MNIST Experiment Results
==============================

Supervised Decoder:
------------------
Training:
Digit accuracy: 0.7738
Color accuracy: 1.0000
Full accuracy: 0.7738

Testing:
Digit accuracy: 0.6508
Color accuracy: 1.0000
Full accuracy: 0.6508

RtS Classification:
------------------
Training:
Digit accuracy: 0.6059
Color accuracy: 0.4963
Full accuracy: 0.2932

Testing:
Digit accuracy: 0.4310
Color accuracy: 0.5001
Full accuracy: 0.1990

StR-rep Cosine Similarities:
---------------------------
Average diagonal (matching pairs): -0.0490
Average off-diagonal (non-matching pairs): -0.0560

Full association matrix:
(d:0,c:0) 0.0391 -0.1092 -0.0619 -0.0576 -0.0865 -0.0392 -0.0473 -0.0788 -0.0755 -0.0872 0.0469 -0.0915 -0.0440 -0.0407 -0.0715 -0.0286 -0.0369 -0.0718 -0.0588 -0.0772
(d:0,c:1) 0.0391 -0.1092 -0.0619 -0.0576 -0.0865 -0.0392 -0.0473 -0.0788 -0.0755 -0.0872 0.0469 -0.0915 -0.0440 -0.0407 -0.0715 -0.0286 -0.0369 -0.0718 -0.0588 -0.0772
(d:1,c:0) -0.1041 0.0361 -0.0609 -0.0661 -0.0922 -0.0817 -0.0842 -0.0771 -0.0663 -0.0875 -0.0881 0.0526 -0.0435 -0.0517 -0.0830 -0.0653 -0.0685 -0.0654 -0.0517 -0.0759
(d:1,c:1) -0.1041 0.0361 -0.0609 -0.0661 -0.0922 -0.0817 -0.0842 -0.0771 -0.0663 -0.0875 -0.0881 0.0526 -0.0435 -0.0517 -0.0830 -0.0653 -0.0685 -0.0654 -0.0517 -0.0759
(d:2,c:0) -0.0684 -0.0536 0.0035 -0.0735 -0.0860 -0.1036 -0.0443 -0.0951 -0.0822 -0.1074 -0.0147 -0.0009 0.0651 -0.0213 -0.0445 -0.0522 0.0078 -0.0580 -0.0278 -0.0645
(d:2,c:1) -0.0684 -0.0536 0.0035 -0.0735 -0.0860 -0.1036 -0.0443 -0.0951 -0.0822 -0.1074 -0.0147 -0.0009 0.0651 -0.0213 -0.0445 -0.0522 0.0078 -0.0580 -0.0278 -0.0645
(d:3,c:0) -0.0574 -0.0509 -0.0642 0.0291 -0.1159 -0.0321 -0.1003 -0.0954 -0.0610 -0.1005 -0.0171 -0.0143 -0.0266 0.0655 -0.0871 -0.0047 -0.0622 -0.0738 -0.0218 -0.0764
(d:3,c:1) -0.0574 -0.0509 -0.0642 0.0291 -0.1159 -0.0321 -0.1003 -0.0954 -0.0610 -0.1005 -0.0171 -0.0143 -0.0266 0.0655 -0.0871 -0.0047 -0.0622 -0.0738 -0.0218 -0.0764
(d:4,c:0) -0.0870 -0.1094 -0.0831 -0.1197 0.0418 -0.0928 -0.0429 -0.0244 -0.0783 -0.0024 -0.0759 -0.1014 -0.0689 -0.1033 0.0325 -0.0752 -0.0339 -0.0352 -0.0665 -0.0075
(d:4,c:1) -0.0870 -0.1094 -0.0831 -0.1197 0.0418 -0.0928 -0.0429 -0.0244 -0.0783 -0.0024 -0.0759 -0.1014 -0.0689 -0.1033 0.0325 -0.0752 -0.0339 -0.0352 -0.0665 -0.0075
(d:5,c:0) -0.0321 -0.0804 -0.0963 -0.0389 -0.0854 -0.0145 -0.0770 -0.0830 -0.0626 -0.0705 0.0181 -0.0282 -0.0444 0.0189 -0.0428 0.0386 -0.0271 -0.0454 -0.0071 -0.0322
(d:5,c:1) -0.0321 -0.0804 -0.0963 -0.0389 -0.0854 -0.0145 -0.0770 -0.0830 -0.0626 -0.0705 0.0181 -0.0282 -0.0444 0.0189 -0.0428 0.0386 -0.0271 -0.0454 -0.0071 -0.0322
(d:6,c:0) 0.0113 -0.0202 0.0084 -0.0365 -0.0025 -0.0195 0.0872 -0.0458 -0.0237 -0.0205 -0.1195 -0.1344 -0.1181 -0.1445 -0.1306 -0.1382 -0.0784 -0.1537 -0.1414 -0.1415
(d:6,c:1) 0.0113 -0.0202 0.0084 -0.0365 -0.0025 -0.0195 0.0872 -0.0458 -0.0237 -0.0205 -0.1195 -0.1344 -0.1181 -0.1445 -0.1306 -0.1382 -0.0784 -0.1537 -0.1414 -0.1415
(d:7,c:0) -0.1750 -0.1749 -0.1859 -0.1856 -0.1563 -0.1813 -0.1825 -0.1033 -0.1817 -0.1473 0.0012 0.0021 -0.0156 -0.0092 0.0285 0.0010 -0.0183 0.1313 -0.0012 0.0517
(d:7,c:1) -0.1750 -0.1749 -0.1859 -0.1856 -0.1563 -0.1813 -0.1825 -0.1033 -0.1817 -0.1473 0.0012 0.0021 -0.0156 -0.0092 0.0285 0.0010 -0.0183 0.1313 -0.0012 0.0517
(d:8,c:0) 0.0095 0.0675 0.0290 0.0394 0.0173 0.0413 -0.0032 0.0300 0.0670 0.0304 -0.1324 -0.1038 -0.1234 -0.1218 -0.1369 -0.1221 -0.1392 -0.1318 -0.1096 -0.1337
(d:8,c:1) 0.0095 0.0675 0.0290 0.0394 0.0173 0.0413 -0.0032 0.0300 0.0670 0.0304 -0.1324 -0.1038 -0.1234 -0.1218 -0.1369 -0.1221 -0.1392 -0.1318 -0.1096 -0.1337
(d:9,c:0) -0.2058 -0.2017 -0.2095 -0.2117 -0.1468 -0.2008 -0.1887 -0.1499 -0.1968 -0.1438 0.0192 0.0301 0.0191 0.0237 0.1261 0.0497 0.0533 0.1168 0.0554 0.1424
(d:9,c:1) -0.2058 -0.2017 -0.2095 -0.2117 -0.1468 -0.2008 -0.1887 -0.1499 -0.1968 -0.1438 0.0192 0.0301 0.0191 0.0237 0.1261 0.0497 0.0533 0.1168 0.0554 0.1424

StR-rec Reconstruction Similarities:
--------------------------------
Average similarity: 0.3117

Per-combination similarities:
Digit 0, Color 0: 0.4031
Digit 0, Color 1: 0.1497
Digit 1, Color 0: 0.4541
Digit 1, Color 1: 0.2134
Digit 2, Color 0: 0.4413
Digit 2, Color 1: 0.2177
Digit 3, Color 0: 0.4014
Digit 3, Color 1: 0.2177
Digit 4, Color 0: 0.4226
Digit 4, Color 1: 0.2045
Digit 5, Color 0: 0.2041
Digit 5, Color 1: 0.3597
Digit 6, Color 0: 0.2279
Digit 6, Color 1: 0.4328
Digit 7, Color 0: 0.2134
Digit 7, Color 1: 0.4396
Digit 8, Color 0: 0.1956
Digit 8, Color 1: 0.4192
Digit 9, Color 0: 0.2126
Digit 9, Color 1: 0.4039
