Colored MNIST Experiment Results
==============================

Supervised Decoder:
------------------
Training:
Digit accuracy: 0.7889
Color accuracy: 1.0000
Full accuracy: 0.7889

Testing:
Digit accuracy: 0.6541
Color accuracy: 1.0000
Full accuracy: 0.6541

RtS Classification:
------------------
Training:
Digit accuracy: 0.6986
Color accuracy: 1.0000
Full accuracy: 0.6986

Testing:
Digit accuracy: 0.5259
Color accuracy: 1.0000
Full accuracy: 0.5259

StR-rep Cosine Similarities:
---------------------------
Average diagonal (matching pairs): 0.3035
Average off-diagonal (non-matching pairs): 0.3056

Full association matrix:
(d:0,c:0) 0.5421 0.4319 0.4766 0.4745 0.4518 0.4914 0.4806 0.4510 0.4695 0.4541 0.4274 0.2958 0.3434 0.3384 0.3153 0.3572 0.3585 0.3244 0.3292 0.3155
(d:0,c:1) 0.3912 0.3037 0.3246 0.3396 0.3078 0.3564 0.3139 0.3109 0.3391 0.3157 0.5675 0.4631 0.5014 0.5052 0.4717 0.5227 0.4961 0.4864 0.5076 0.4791
(d:1,c:0) 0.2729 0.3909 0.3097 0.3104 0.2763 0.3027 0.2829 0.2925 0.3155 0.2877 0.1645 0.2813 0.2240 0.2073 0.1868 0.1954 0.1999 0.2098 0.2156 0.1927
(d:1,c:1) 0.1663 0.2935 0.2005 0.2122 0.1737 0.2049 0.1655 0.1916 0.2200 0.1882 0.2490 0.3780 0.3172 0.3069 0.2805 0.2947 0.2811 0.3061 0.3223 0.2907
(d:2,c:0) 0.4299 0.4389 0.4837 0.4321 0.4208 0.4195 0.4461 0.4133 0.4367 0.4131 0.3058 0.3223 0.3704 0.3080 0.3009 0.2915 0.3391 0.3019 0.3099 0.2890
(d:2,c:1) 0.2898 0.3185 0.3414 0.3060 0.2866 0.2937 0.2914 0.2827 0.3146 0.2841 0.4283 0.4683 0.5073 0.4539 0.4375 0.4366 0.4584 0.4435 0.4661 0.4322
(d:3,c:0) 0.4675 0.4795 0.4766 0.5281 0.4412 0.4908 0.4470 0.4452 0.4836 0.4519 0.3219 0.3375 0.3348 0.3758 0.2972 0.3387 0.3145 0.3111 0.3310 0.3041
(d:3,c:1) 0.3172 0.3498 0.3246 0.3912 0.2975 0.3548 0.2819 0.3051 0.3519 0.3133 0.4494 0.4898 0.4785 0.5270 0.4402 0.4896 0.4395 0.4590 0.4941 0.4536
(d:4,c:0) 0.4407 0.4254 0.4575 0.4354 0.5072 0.4479 0.4701 0.4605 0.4586 0.4837 0.3091 0.2942 0.3207 0.2949 0.3740 0.3093 0.3465 0.3325 0.3149 0.3452
(d:4,c:1) 0.2949 0.3009 0.3100 0.3046 0.3671 0.3171 0.3086 0.3244 0.3320 0.3491 0.4440 0.4548 0.4723 0.4551 0.5236 0.4683 0.4784 0.4877 0.4861 0.5019
(d:5,c:0) 0.3476 0.3348 0.3289 0.3503 0.3306 0.3671 0.3304 0.3300 0.3496 0.3406 0.2434 0.2321 0.2317 0.2450 0.2282 0.2608 0.2367 0.2325 0.2434 0.2346
(d:5,c:1) 0.2372 0.2400 0.2177 0.2506 0.2250 0.2672 0.2091 0.2270 0.2531 0.2387 0.3378 0.3452 0.3385 0.3576 0.3339 0.3723 0.3293 0.3419 0.3641 0.3451
(d:6,c:0) 0.2767 0.2604 0.2810 0.2580 0.2710 0.2694 0.3151 0.2514 0.2675 0.2661 0.1361 0.1257 0.1370 0.1235 0.1306 0.1292 0.1600 0.1239 0.1261 0.1275
(d:6,c:1) 0.2057 0.2010 0.2093 0.1949 0.2034 0.2068 0.2367 0.1851 0.2073 0.2013 0.2198 0.2236 0.2303 0.2211 0.2227 0.2264 0.2430 0.2188 0.2302 0.2234
(d:7,c:0) 0.3873 0.3914 0.3864 0.3879 0.4144 0.3961 0.3800 0.4853 0.4006 0.4352 0.1911 0.1890 0.1893 0.1872 0.2006 0.1918 0.1932 0.2416 0.1902 0.2097
(d:7,c:1) 0.2795 0.3016 0.2773 0.2927 0.3126 0.3012 0.2588 0.3889 0.3095 0.3386 0.3129 0.3324 0.3253 0.3303 0.3355 0.3340 0.3127 0.3824 0.3427 0.3507
(d:8,c:0) 0.2021 0.2190 0.2098 0.2089 0.1990 0.2135 0.1989 0.2018 0.2198 0.2033 0.1676 0.1918 0.1943 0.1801 0.1744 0.1838 0.1794 0.1831 0.2001 0.1762
(d:8,c:1) 0.1220 0.1487 0.1287 0.1360 0.1222 0.1404 0.1113 0.1267 0.1485 0.1289 0.2278 0.2636 0.2616 0.2523 0.2418 0.2552 0.2377 0.2528 0.2768 0.2469
(d:9,c:0) 0.2181 0.2210 0.2224 0.2200 0.2383 0.2259 0.2268 0.2361 0.2290 0.2441 0.1858 0.1911 0.1887 0.1866 0.2227 0.1969 0.2033 0.2277 0.1996 0.2334
(d:9,c:1) 0.1320 0.1466 0.1353 0.1422 0.1550 0.1479 0.1318 0.1549 0.1533 0.1636 0.2561 0.2755 0.2683 0.2710 0.3004 0.2803 0.2716 0.3081 0.2897 0.3145

StR-rec Reconstruction Similarities:
--------------------------------
Average similarity: 0.3126

Per-combination similarities:
Digit 0, Color 0: 0.4038
Digit 0, Color 1: 0.1760
Digit 1, Color 0: 0.4647
Digit 1, Color 1: 0.2198
Digit 2, Color 0: 0.4413
Digit 2, Color 1: 0.2219
Digit 3, Color 0: 0.3920
Digit 3, Color 1: 0.2143
Digit 4, Color 0: 0.4333
Digit 4, Color 1: 0.2020
Digit 5, Color 0: 0.2066
Digit 5, Color 1: 0.3240
Digit 6, Color 0: 0.2240
Digit 6, Color 1: 0.4235
Digit 7, Color 0: 0.2162
Digit 7, Color 1: 0.4375
Digit 8, Color 0: 0.2032
Digit 8, Color 1: 0.4315
Digit 9, Color 0: 0.2099
Digit 9, Color 1: 0.4060
