Colored MNIST Experiment Results
==============================

Supervised Decoder:
------------------
Training:
Digit accuracy: 0.7924
Color accuracy: 1.0000
Full accuracy: 0.7924

Testing:
Digit accuracy: 0.6437
Color accuracy: 1.0000
Full accuracy: 0.6437

RtS Classification:
------------------
Training:
Digit accuracy: 0.7346
Color accuracy: 1.0000
Full accuracy: 0.7346

Testing:
Digit accuracy: 0.5577
Color accuracy: 1.0000
Full accuracy: 0.5577

StR-rep Cosine Similarities:
---------------------------
Average diagonal (matching pairs): 0.2792
Average off-diagonal (non-matching pairs): 0.2821

Full association matrix:
(d:0,c:0) 0.4916 0.3914 0.4281 0.4291 0.4026 0.4441 0.4314 0.4071 0.4211 0.4070 0.3809 0.2660 0.3071 0.3039 0.2829 0.3195 0.3175 0.2935 0.2962 0.2827
(d:0,c:1) 0.3538 0.2668 0.2921 0.3009 0.2750 0.3156 0.2849 0.2772 0.2992 0.2817 0.5138 0.4133 0.4449 0.4509 0.4252 0.4688 0.4433 0.4351 0.4520 0.4310
(d:1,c:0) 0.3053 0.4223 0.3429 0.3404 0.3139 0.3303 0.3256 0.3256 0.3426 0.3225 0.2059 0.3143 0.2394 0.2333 0.2078 0.2254 0.2285 0.2240 0.2344 0.2159
(d:1,c:1) 0.1922 0.3184 0.2306 0.2345 0.2086 0.2243 0.2047 0.2183 0.2417 0.2191 0.3150 0.4336 0.3518 0.3534 0.3240 0.3475 0.3312 0.3396 0.3617 0.3371
(d:2,c:0) 0.4223 0.4335 0.4773 0.4279 0.4146 0.4129 0.4446 0.4083 0.4270 0.4070 0.3176 0.3149 0.3734 0.3068 0.3002 0.2904 0.3425 0.2974 0.3070 0.2858
(d:2,c:1) 0.2855 0.3094 0.3419 0.3005 0.2876 0.2852 0.2985 0.2790 0.3059 0.2823 0.4548 0.4659 0.5150 0.4577 0.4462 0.4438 0.4720 0.4428 0.4668 0.4380
(d:3,c:0) 0.4608 0.4724 0.4653 0.5234 0.4330 0.4836 0.4428 0.4371 0.4732 0.4431 0.3276 0.3262 0.3238 0.3776 0.2911 0.3398 0.3067 0.3053 0.3268 0.2998
(d:3,c:1) 0.3129 0.3377 0.3188 0.3845 0.2956 0.3449 0.2855 0.2973 0.3414 0.3081 0.4660 0.4789 0.4668 0.5296 0.4391 0.4948 0.4374 0.4525 0.4887 0.4541
(d:4,c:0) 0.3819 0.3721 0.3936 0.3783 0.4372 0.3892 0.4078 0.3992 0.3957 0.4176 0.2741 0.2591 0.2792 0.2567 0.3257 0.2708 0.3017 0.2902 0.2753 0.2985
(d:4,c:1) 0.2533 0.2552 0.2661 0.2582 0.3172 0.2688 0.2703 0.2773 0.2813 0.2999 0.3985 0.3964 0.4077 0.3940 0.4579 0.4102 0.4188 0.4221 0.4206 0.4366
(d:5,c:0) 0.3059 0.2971 0.2893 0.3095 0.2905 0.3260 0.2915 0.2902 0.3104 0.3014 0.2210 0.2016 0.1980 0.2185 0.1997 0.2326 0.2073 0.2053 0.2143 0.2079
(d:5,c:1) 0.2110 0.2111 0.1953 0.2211 0.2024 0.2374 0.1901 0.2005 0.2264 0.2149 0.3166 0.3068 0.2967 0.3237 0.3014 0.3396 0.2976 0.3066 0.3257 0.3139
(d:6,c:0) 0.2519 0.2413 0.2571 0.2381 0.2465 0.2487 0.2895 0.2318 0.2449 0.2437 0.1306 0.1188 0.1298 0.1182 0.1236 0.1231 0.1504 0.1188 0.1209 0.1210
(d:6,c:1) 0.1841 0.1803 0.1903 0.1751 0.1840 0.1859 0.2178 0.1675 0.1856 0.1824 0.2115 0.2070 0.2132 0.2064 0.2092 0.2128 0.2277 0.2039 0.2141 0.2099
(d:7,c:0) 0.3044 0.3100 0.3025 0.3073 0.3233 0.3116 0.2986 0.3788 0.3127 0.3390 0.1566 0.1517 0.1520 0.1514 0.1615 0.1553 0.1555 0.1951 0.1541 0.1684
(d:7,c:1) 0.2165 0.2313 0.2156 0.2261 0.2428 0.2303 0.2040 0.2982 0.2360 0.2606 0.2575 0.2622 0.2560 0.2619 0.2687 0.2677 0.2509 0.3028 0.2709 0.2802
(d:8,c:0) 0.1711 0.1742 0.1766 0.1751 0.1720 0.1768 0.1717 0.1690 0.1835 0.1733 0.1531 0.1550 0.1580 0.1541 0.1528 0.1585 0.1505 0.1501 0.1697 0.1531
(d:8,c:1) 0.1027 0.1116 0.1087 0.1110 0.1082 0.1124 0.0991 0.1042 0.1220 0.1105 0.2116 0.2197 0.2183 0.2189 0.2153 0.2243 0.2055 0.2124 0.2381 0.2185
(d:9,c:0) 0.1911 0.1945 0.1933 0.1951 0.2051 0.1985 0.1970 0.2079 0.1998 0.2117 0.1676 0.1690 0.1648 0.1688 0.1940 0.1771 0.1761 0.2064 0.1778 0.2058
(d:9,c:1) 0.1142 0.1242 0.1171 0.1229 0.1329 0.1261 0.1151 0.1344 0.1308 0.1406 0.2342 0.2428 0.2338 0.2426 0.2644 0.2519 0.2384 0.2762 0.2559 0.2792

StR-rec Reconstruction Similarities:
--------------------------------
Average similarity: 0.3117

Per-combination similarities:
Digit 0, Color 0: 0.4088
Digit 0, Color 1: 0.1657
Digit 1, Color 0: 0.4599
Digit 1, Color 1: 0.2217
Digit 2, Color 0: 0.4274
Digit 2, Color 1: 0.2267
Digit 3, Color 0: 0.3956
Digit 3, Color 1: 0.2170
Digit 4, Color 0: 0.4220
Digit 4, Color 1: 0.2010
Digit 5, Color 0: 0.2023
Digit 5, Color 1: 0.3501
Digit 6, Color 0: 0.2283
Digit 6, Color 1: 0.4173
Digit 7, Color 0: 0.2191
Digit 7, Color 1: 0.4262
Digit 8, Color 0: 0.2002
Digit 8, Color 1: 0.4196
Digit 9, Color 0: 0.2170
Digit 9, Color 1: 0.4078
