Colored MNIST Experiment Results
==============================

Supervised Decoder:
------------------
Training:
Digit accuracy: 0.7777
Color accuracy: 0.9918
Full accuracy: 0.7725

Testing:
Digit accuracy: 0.6284
Color accuracy: 0.9897
Full accuracy: 0.6235

RtS Classification:
------------------
Training:
Digit accuracy: 0.7328
Color accuracy: 0.9384
Full accuracy: 0.6830

Testing:
Digit accuracy: 0.5740
Color accuracy: 0.9381
Full accuracy: 0.5307

StR-rep Cosine Similarities:
---------------------------
Average diagonal (matching pairs): 0.2663
Average off-diagonal (non-matching pairs): 0.2582

Full association matrix:
(d:0,c:0) 0.4535 0.3219 0.3903 0.3514 0.3247 0.3877 0.3604 0.3002 0.4172 0.3045 0.3465 0.1975 0.2841 0.2355 0.2298 0.2480 0.2894 0.2264 0.2599 0.2322
(d:0,c:1) 0.1620 0.0663 0.0815 0.0928 0.0271 0.0890 0.0782 0.0719 0.0868 0.0413 0.3294 0.1768 0.2103 0.2446 0.2434 0.2932 0.2801 0.1939 0.2547 0.2620
(d:1,c:0) 0.3067 0.4691 0.3695 0.3305 0.2939 0.3524 0.3102 0.2767 0.4052 0.2978 0.1963 0.3396 0.3198 0.2317 0.2416 0.2083 0.2678 0.2408 0.2784 0.2340
(d:1,c:1) 0.0831 0.1921 0.0846 0.0966 0.0138 0.0822 0.0583 0.0699 0.0977 0.0477 0.2695 0.3119 0.2719 0.2804 0.2907 0.3092 0.3087 0.2361 0.3091 0.3045
(d:2,c:0) 0.4081 0.4023 0.5116 0.4049 0.4003 0.4146 0.4098 0.3681 0.4849 0.3811 0.2706 0.3009 0.4517 0.2877 0.3054 0.2503 0.3883 0.2949 0.3267 0.2837
(d:2,c:1) 0.1171 0.1003 0.1383 0.1106 0.0514 0.0856 0.0903 0.1004 0.1070 0.0703 0.3007 0.2544 0.3272 0.2960 0.3105 0.3187 0.3629 0.2488 0.3150 0.3161
(d:3,c:0) 0.4209 0.4123 0.4579 0.4954 0.3745 0.4579 0.3953 0.3773 0.4919 0.3941 0.2657 0.2759 0.3332 0.3649 0.2632 0.2898 0.2861 0.2867 0.3239 0.2768
(d:3,c:1) 0.1203 0.1020 0.0982 0.1633 0.0313 0.1086 0.0766 0.1019 0.1061 0.0747 0.2907 0.2322 0.2434 0.3380 0.2763 0.3367 0.2892 0.2374 0.3057 0.3044
(d:4,c:0) 0.3974 0.3698 0.4501 0.3927 0.5070 0.4252 0.4127 0.4161 0.4830 0.4543 0.2586 0.2225 0.3469 0.2481 0.3731 0.2412 0.3582 0.2826 0.2893 0.3119
(d:4,c:1) 0.1082 0.0773 0.0961 0.1008 0.1187 0.0906 0.0903 0.1296 0.1036 0.1160 0.2907 0.2016 0.2565 0.2681 0.3517 0.3105 0.3405 0.2387 0.2883 0.3319
(d:5,c:0) 0.3939 0.3444 0.3789 0.3993 0.3549 0.4565 0.3732 0.3359 0.4487 0.3625 0.2591 0.2365 0.3011 0.2827 0.2680 0.3259 0.3107 0.2498 0.3287 0.2652
(d:5,c:1) 0.1184 0.0731 0.0641 0.1178 0.0345 0.1258 0.0780 0.0890 0.0972 0.0697 0.2909 0.2127 0.2310 0.2914 0.2844 0.3652 0.3112 0.2199 0.3158 0.3015
(d:6,c:0) 0.3863 0.3163 0.4054 0.3375 0.3766 0.3850 0.4875 0.3082 0.4157 0.3520 0.2074 0.1831 0.2450 0.1646 0.1927 0.1501 0.2757 0.1958 0.2049 0.1992
(d:6,c:1) 0.1427 0.0784 0.1124 0.1024 0.0774 0.1074 0.1909 0.0940 0.1067 0.0894 0.2727 0.1913 0.2126 0.2258 0.2493 0.2602 0.3091 0.1991 0.2495 0.2731
(d:7,c:0) 0.3680 0.3705 0.4042 0.3870 0.3565 0.3945 0.3726 0.3815 0.4432 0.3722 0.2738 0.2731 0.3328 0.2791 0.2964 0.2541 0.2949 0.4144 0.3112 0.3222
(d:7,c:1) 0.0910 0.0797 0.0686 0.0990 0.0234 0.0727 0.0663 0.1092 0.0802 0.0648 0.3014 0.2353 0.2487 0.2891 0.3031 0.3196 0.3005 0.3255 0.3035 0.3396
(d:8,c:0) 0.3861 0.3783 0.4233 0.4018 0.3821 0.4242 0.3594 0.3897 0.4986 0.4024 0.1992 0.2194 0.2791 0.2133 0.2427 0.1884 0.2628 0.2519 0.2533 0.2443
(d:8,c:1) 0.1389 0.1199 0.1202 0.1462 0.0751 0.1315 0.0910 0.1510 0.1626 0.1218 0.2734 0.2222 0.2411 0.2680 0.2928 0.2966 0.3062 0.2448 0.2915 0.3139
(d:9,c:0) 0.3206 0.3558 0.3582 0.3388 0.3347 0.3353 0.3018 0.3457 0.4083 0.3754 0.2608 0.2903 0.3246 0.2887 0.3700 0.2894 0.3368 0.3323 0.3494 0.4019
(d:9,c:1) 0.0605 0.0700 0.0434 0.0674 0.0179 0.0391 0.0262 0.0830 0.0608 0.0678 0.2550 0.2167 0.2151 0.2579 0.3074 0.2978 0.2868 0.2396 0.2877 0.3424

StR-rec Reconstruction Similarities:
--------------------------------
Average similarity: 0.3131

Per-combination similarities:
Digit 0, Color 0: 0.4043
Digit 0, Color 1: 0.1781
Digit 1, Color 0: 0.4673
Digit 1, Color 1: 0.2164
Digit 2, Color 0: 0.4315
Digit 2, Color 1: 0.2228
Digit 3, Color 0: 0.4018
Digit 3, Color 1: 0.2130
Digit 4, Color 0: 0.4196
Digit 4, Color 1: 0.1994
Digit 5, Color 0: 0.2032
Digit 5, Color 1: 0.3227
Digit 6, Color 0: 0.2262
Digit 6, Color 1: 0.4358
Digit 7, Color 0: 0.2198
Digit 7, Color 1: 0.4396
Digit 8, Color 0: 0.1973
Digit 8, Color 1: 0.4324
Digit 9, Color 0: 0.2147
Digit 9, Color 1: 0.4162
