Colored MNIST Experiment Results
==============================

Supervised Decoder:
------------------
Training:
Digit accuracy: 0.6868
Color accuracy: 0.9907
Full accuracy: 0.6816

Testing:
Digit accuracy: 0.5459
Color accuracy: 0.9887
Full accuracy: 0.5407

RtS Classification:
------------------
Training:
Digit accuracy: 0.5469
Color accuracy: 0.7372
Full accuracy: 0.4021

Testing:
Digit accuracy: 0.4109
Color accuracy: 0.7378
Full accuracy: 0.2875

StR-rep Cosine Similarities:
---------------------------
Average diagonal (matching pairs): 0.3853
Average off-diagonal (non-matching pairs): 0.3950

Full association matrix:
(d:0,c:0) 0.4234 0.4819 0.4675 0.4640 0.3233 0.4495 0.4418 0.3202 0.4965 0.3436 0.4026 0.2617 0.3697 0.4710 0.4686 0.4694 0.4522 0.3611 0.4749 0.4490
(d:0,c:1) 0.2470 0.3147 0.3934 0.3528 0.2009 0.2459 0.2743 0.2331 0.4111 0.2158 0.4225 0.2161 0.4881 0.4659 0.5257 0.4531 0.4677 0.4866 0.5078 0.4557
(d:1,c:0) 0.3820 0.5280 0.4637 0.4619 0.3348 0.4451 0.4353 0.3103 0.4990 0.3460 0.3660 0.3333 0.3705 0.4778 0.4533 0.4650 0.4308 0.3580 0.4901 0.4473
(d:1,c:1) 0.2131 0.3506 0.3954 0.3541 0.2093 0.2397 0.2684 0.2267 0.4179 0.2171 0.4030 0.2744 0.5028 0.4801 0.5263 0.4580 0.4608 0.4984 0.5308 0.4636
(d:2,c:0) 0.4105 0.5019 0.4936 0.4801 0.3280 0.4429 0.4501 0.3205 0.5155 0.3475 0.3889 0.2704 0.4103 0.4805 0.4806 0.4630 0.4622 0.3763 0.4842 0.4527
(d:2,c:1) 0.2189 0.3064 0.3866 0.3405 0.1894 0.2218 0.2600 0.2172 0.3979 0.2027 0.3873 0.2082 0.4901 0.4442 0.5035 0.4204 0.4467 0.4705 0.4842 0.4307
(d:3,c:0) 0.4069 0.4920 0.4703 0.4760 0.3246 0.4479 0.4363 0.3182 0.5042 0.3457 0.3800 0.2728 0.3776 0.4837 0.4673 0.4682 0.4440 0.3622 0.4804 0.4490
(d:3,c:1) 0.2299 0.3165 0.3882 0.3554 0.1982 0.2401 0.2651 0.2272 0.4093 0.2134 0.3975 0.2204 0.4850 0.4668 0.5150 0.4437 0.4528 0.4784 0.5025 0.4472
(d:4,c:0) 0.4117 0.5016 0.4728 0.4713 0.3619 0.4552 0.4511 0.3427 0.5202 0.3751 0.3892 0.2794 0.3796 0.4745 0.4953 0.4699 0.4578 0.3799 0.4890 0.4704
(d:4,c:1) 0.2278 0.3174 0.3854 0.3466 0.2217 0.2391 0.2703 0.2418 0.4161 0.2308 0.4019 0.2226 0.4855 0.4562 0.5333 0.4413 0.4600 0.4909 0.5058 0.4600
(d:5,c:0) 0.4119 0.4931 0.4653 0.4709 0.3327 0.4568 0.4390 0.3260 0.5083 0.3531 0.3881 0.2748 0.3762 0.4819 0.4724 0.4778 0.4502 0.3689 0.4864 0.4560
(d:5,c:1) 0.2353 0.3197 0.3876 0.3543 0.2057 0.2484 0.2690 0.2350 0.4158 0.2206 0.4074 0.2239 0.4887 0.4696 0.5237 0.4550 0.4616 0.4883 0.5118 0.4566
(d:6,c:0) 0.4244 0.4986 0.4534 0.4662 0.3584 0.4887 0.5300 0.2822 0.4736 0.3570 0.2632 0.2755 0.2474 0.3767 0.3433 0.3624 0.3478 0.2220 0.3557 0.3533
(d:6,c:1) 0.3138 0.4172 0.4920 0.4544 0.2899 0.3491 0.4358 0.2606 0.5058 0.2875 0.4092 0.2914 0.5147 0.5089 0.5581 0.4794 0.5020 0.4964 0.5401 0.4949
(d:7,c:0) 0.3883 0.4788 0.4615 0.4558 0.3134 0.4192 0.4179 0.3133 0.4958 0.3374 0.4052 0.2826 0.4065 0.4958 0.5055 0.4844 0.4665 0.4232 0.5061 0.4875
(d:7,c:1) 0.1986 0.2843 0.3582 0.3178 0.1754 0.2000 0.2321 0.2084 0.3780 0.1916 0.3943 0.2137 0.4825 0.4494 0.5155 0.4302 0.4443 0.4992 0.4941 0.4501
(d:8,c:0) 0.4093 0.5023 0.4759 0.4743 0.3360 0.4545 0.4428 0.3322 0.5210 0.3559 0.3802 0.2682 0.3679 0.4674 0.4671 0.4613 0.4397 0.3628 0.4788 0.4473
(d:8,c:1) 0.2311 0.3236 0.3920 0.3536 0.2063 0.2444 0.2693 0.2375 0.4215 0.2206 0.3977 0.2167 0.4779 0.4543 0.5148 0.4383 0.4494 0.4792 0.5012 0.4458
(d:9,c:0) 0.4019 0.4825 0.4578 0.4587 0.3272 0.4394 0.4374 0.3191 0.5003 0.3507 0.3894 0.2756 0.3866 0.4797 0.4933 0.4733 0.4632 0.3848 0.4954 0.4783
(d:9,c:1) 0.2240 0.3067 0.3762 0.3398 0.1984 0.2314 0.2636 0.2262 0.4036 0.2153 0.4024 0.2211 0.4895 0.4610 0.5318 0.4449 0.4646 0.4932 0.5110 0.4667

StR-rec Reconstruction Similarities:
--------------------------------
Average similarity: 0.3122

Per-combination similarities:
Digit 0, Color 0: 0.4116
Digit 0, Color 1: 0.1658
Digit 1, Color 0: 0.4575
Digit 1, Color 1: 0.2194
Digit 2, Color 0: 0.4311
Digit 2, Color 1: 0.2181
Digit 3, Color 0: 0.3971
Digit 3, Color 1: 0.2185
Digit 4, Color 0: 0.4133
Digit 4, Color 1: 0.2058
Digit 5, Color 0: 0.2028
Digit 5, Color 1: 0.3474
Digit 6, Color 0: 0.2313
Digit 6, Color 1: 0.4243
Digit 7, Color 0: 0.2194
Digit 7, Color 1: 0.4392
Digit 8, Color 0: 0.1977
Digit 8, Color 1: 0.4247
Digit 9, Color 0: 0.2181
Digit 9, Color 1: 0.4009
