Colored MNIST Experiment Results
==============================

Supervised Decoder:
------------------
Training:
Digit accuracy: 0.7630
Color accuracy: 1.0000
Full accuracy: 0.7630

Testing:
Digit accuracy: 0.7739
Color accuracy: 1.0000
Full accuracy: 0.7739

RtS Classification:
------------------
Training:
Digit accuracy: 0.7276
Color accuracy: 0.8952
Full accuracy: 0.6538

Testing:
Digit accuracy: 0.7362
Color accuracy: 0.8978
Full accuracy: 0.6636

StR-rep Cosine Similarities:
---------------------------
Average diagonal (matching pairs): 0.2436
Average off-diagonal (non-matching pairs): 0.2079

Full association matrix:
(d:0,c:0) 0.2796 0.2358 0.3295 0.2234 0.2996 0.2554 0.3112 0.2533 0.2326 0.2285 0.2805 0.2418 0.2810 0.2211 0.2210 0.2203 0.2878 0.2607 0.2661 0.2564
(d:0,c:1) 0.1524 0.1912 0.2216 0.1883 0.1818 0.2186 0.1922 0.2159 0.1146 0.1934 0.1565 0.2019 0.1626 0.1830 0.1016 0.1839 0.1666 0.2235 0.1475 0.2218
(d:1,c:0) 0.2016 0.1703 0.3417 0.2247 0.2638 0.2229 0.2733 0.2190 0.1922 0.1945 0.2320 0.1991 0.2366 0.1816 0.1842 0.1889 0.2534 0.2289 0.2287 0.2245
(d:1,c:1) 0.1103 0.1499 0.2392 0.1918 0.1676 0.1991 0.1766 0.1952 0.0975 0.1728 0.1343 0.1757 0.1426 0.1590 0.0871 0.1653 0.1537 0.2045 0.1324 0.2025
(d:2,c:0) 0.2289 0.1911 0.3258 0.2174 0.2961 0.2479 0.2887 0.2315 0.2161 0.2119 0.2463 0.2106 0.2631 0.2027 0.1998 0.2004 0.2694 0.2413 0.2452 0.2367
(d:2,c:1) 0.1263 0.1639 0.2261 0.1866 0.1870 0.2160 0.1847 0.2036 0.1110 0.1845 0.1414 0.1834 0.1581 0.1731 0.0949 0.1730 0.1619 0.2128 0.1410 0.2108
(d:3,c:0) 0.2270 0.1888 0.3220 0.2147 0.2760 0.2330 0.3011 0.2408 0.2081 0.2060 0.2535 0.2158 0.2482 0.1916 0.1977 0.1978 0.2677 0.2405 0.2437 0.2348
(d:3,c:1) 0.1263 0.1631 0.2251 0.1855 0.1749 0.2068 0.1946 0.2109 0.1068 0.1813 0.1477 0.1877 0.1494 0.1663 0.0948 0.1719 0.1623 0.2131 0.1414 0.2104
(d:4,c:0) 0.2430 0.2040 0.3317 0.2244 0.2952 0.2505 0.2997 0.2417 0.2559 0.2457 0.2669 0.2289 0.2806 0.2186 0.2263 0.2233 0.2872 0.2577 0.2794 0.2659
(d:4,c:1) 0.1297 0.1708 0.2243 0.1894 0.1803 0.2159 0.1860 0.2087 0.1311 0.2051 0.1489 0.1939 0.1636 0.1818 0.1064 0.1864 0.1676 0.2219 0.1576 0.2285
(d:5,c:0) 0.2393 0.1981 0.3279 0.2198 0.2788 0.2360 0.2994 0.2398 0.2224 0.2169 0.2691 0.2283 0.2613 0.2011 0.2088 0.2074 0.2777 0.2487 0.2579 0.2468
(d:5,c:1) 0.1319 0.1686 0.2264 0.1882 0.1741 0.2081 0.1906 0.2093 0.1138 0.1879 0.1554 0.1953 0.1556 0.1720 0.0995 0.1777 0.1662 0.2179 0.1482 0.2177
(d:6,c:0) 0.2343 0.1961 0.3236 0.2167 0.2854 0.2411 0.2881 0.2317 0.2231 0.2182 0.2540 0.2174 0.2785 0.2151 0.2024 0.2028 0.2710 0.2437 0.2533 0.2432
(d:6,c:1) 0.1292 0.1675 0.2242 0.1863 0.1792 0.2117 0.1837 0.2041 0.1149 0.1890 0.1459 0.1882 0.1679 0.1816 0.0959 0.1748 0.1623 0.2148 0.1458 0.2155
(d:7,c:0) 0.2628 0.2222 0.3541 0.2475 0.3084 0.2636 0.3209 0.2616 0.2631 0.2530 0.2881 0.2474 0.2869 0.2267 0.2745 0.2677 0.3052 0.2747 0.3012 0.2869
(d:7,c:1) 0.1358 0.1812 0.2329 0.2029 0.1823 0.2232 0.1933 0.2204 0.1285 0.2083 0.1558 0.2045 0.1611 0.1856 0.1301 0.2134 0.1723 0.2316 0.1645 0.2407
(d:8,c:0) 0.2293 0.1899 0.3261 0.2185 0.2810 0.2351 0.2901 0.2318 0.2192 0.2115 0.2560 0.2162 0.2560 0.1961 0.2052 0.2020 0.2780 0.2464 0.2523 0.2395
(d:8,c:1) 0.1282 0.1649 0.2290 0.1894 0.1790 0.2096 0.1879 0.2061 0.1146 0.1863 0.1499 0.1893 0.1553 0.1705 0.1000 0.1759 0.1699 0.2186 0.1477 0.2150
(d:9,c:0) 0.2164 0.1809 0.3134 0.2055 0.2669 0.2256 0.2788 0.2232 0.2210 0.2140 0.2437 0.2079 0.2497 0.1921 0.2061 0.2034 0.2622 0.2348 0.2576 0.2446
(d:9,c:1) 0.1197 0.1574 0.2194 0.1789 0.1691 0.2013 0.1798 0.1984 0.1163 0.1864 0.1415 0.1819 0.1509 0.1663 0.1012 0.1754 0.1590 0.2088 0.1514 0.2165

StR-rec Reconstruction Similarities:
--------------------------------
Average similarity: 0.4172

Per-combination similarities:
Digit 0, Color 0: 0.4056
Digit 0, Color 1: 0.4107
Digit 1, Color 0: 0.3342
Digit 1, Color 1: 0.3478
Digit 2, Color 0: 0.4745
Digit 2, Color 1: 0.4413
Digit 3, Color 0: 0.4235
Digit 3, Color 1: 0.4362
Digit 4, Color 0: 0.4345
Digit 4, Color 1: 0.4371
Digit 5, Color 0: 0.4430
Digit 5, Color 1: 0.4379
Digit 6, Color 0: 0.3911
Digit 6, Color 1: 0.4022
Digit 7, Color 0: 0.4294
Digit 7, Color 1: 0.4303
Digit 8, Color 0: 0.4192
Digit 8, Color 1: 0.4319
Digit 9, Color 0: 0.4022
Digit 9, Color 1: 0.4116
