MNIST Experiment Results
======================

StR-rep Metrics:
---------------
StR-rep FN: 2.8465***
StR-rep FN Normalized: 3.3536***

StR-rec Metrics:
---------------
StR-rec FN: 6.2979***
StR-rec FN Normalized: 6.5535***

Classification Metrics:
---------------------
RtS Train GMCC: 0.0188***
RtS Test GMCC: 0.0194*
Decoder Train GMCC: 0.0205***
Decoder Test GMCC: 0.0209*
RtS Train Accuracy: 0.6106***
RtS Test Accuracy: 0.6190***
Decoder Train Accuracy: 0.6524***
Decoder Test Accuracy: 0.6586***


Detailed Matrices:
=================

StR-rep Matrix:
0.1464 0.0689 0.0859 0.0926 0.0829 0.1116 0.1014 0.0808 0.0807 0.0817
0.0586 0.2088 0.0916 0.0984 0.0700 0.0862 0.0831 0.0898 0.0930 0.0839
0.0898 0.0999 0.1357 0.0867 0.0982 0.0811 0.1036 0.0931 0.1005 0.0866
0.0990 0.1085 0.0991 0.1522 0.0795 0.1157 0.0903 0.0851 0.1067 0.0886
0.0947 0.0605 0.0927 0.0859 0.1430 0.0932 0.1044 0.1176 0.1003 0.1302
0.1058 0.0820 0.0780 0.1152 0.0963 0.1328 0.0896 0.0934 0.1127 0.1119
0.1101 0.0943 0.1049 0.0894 0.0946 0.1018 0.1438 0.0841 0.0953 0.0946
0.0921 0.0665 0.0731 0.0948 0.1021 0.0936 0.0818 0.1426 0.0876 0.1165
0.1007 0.1200 0.1083 0.1100 0.0991 0.1145 0.0991 0.1075 0.1329 0.1086
0.0769 0.0721 0.0916 0.1044 0.1342 0.1006 0.1027 0.1141 0.1011 0.1379

StR-rec Matrix:
0.6275 0.5585 0.7154 0.6747 0.6874 0.6925 0.6147 0.6734 0.6632 0.6275
0.6215 0.5348 0.7018 0.6627 0.6752 0.6799 0.6070 0.6588 0.6516 0.6173
0.6273 0.5575 0.7143 0.6742 0.6865 0.6916 0.6143 0.6727 0.6625 0.6272
0.6258 0.5510 0.7097 0.6710 0.6830 0.6877 0.6125 0.6689 0.6592 0.6247
0.6275 0.5586 0.7155 0.6747 0.6875 0.6926 0.6148 0.6747 0.6632 0.6288
0.6274 0.5580 0.7148 0.6744 0.6869 0.6920 0.6146 0.6731 0.6628 0.6273
0.6274 0.5579 0.7147 0.6744 0.6869 0.6920 0.6145 0.6730 0.6628 0.6273
0.6275 0.5586 0.7155 0.6747 0.6874 0.6925 0.6148 0.6747 0.6632 0.6288
0.6275 0.5586 0.7155 0.6747 0.6874 0.6925 0.6148 0.6747 0.6632 0.6288
0.6275 0.5586 0.7155 0.6747 0.6874 0.6925 0.6148 0.6747 0.6632 0.6288

RtS Confusion Matrix (Train):
4063.0000 5.0000 85.0000 365.0000 108.0000 241.0000 735.0000 107.0000 205.0000 9.0000
0.0000 5842.0000 370.0000 25.0000 2.0000 4.0000 10.0000 2.0000 418.0000 69.0000
209.0000 801.0000 3622.0000 476.0000 67.0000 4.0000 259.0000 49.0000 328.0000 143.0000
112.0000 170.0000 243.0000 4525.0000 29.0000 368.0000 111.0000 40.0000 319.0000 214.0000
40.0000 274.0000 148.0000 6.0000 2761.0000 42.0000 422.0000 26.0000 380.0000 1743.0000
611.0000 403.0000 199.0000 983.0000 102.0000 2288.0000 387.0000 72.0000 255.0000 121.0000
72.0000 255.0000 227.0000 141.0000 497.0000 78.0000 4493.0000 2.0000 39.0000 114.0000
97.0000 785.0000 567.0000 15.0000 209.0000 9.0000 24.0000 3516.0000 496.0000 547.0000
81.0000 508.0000 167.0000 839.0000 102.0000 376.0000 97.0000 12.0000 3398.0000 271.0000
51.0000 518.0000 108.0000 99.0000 1372.0000 299.0000 75.0000 587.0000 712.0000 2128.0000

RtS Confusion Matrix (Test):
650.0000 0.0000 14.0000 67.0000 18.0000 34.0000 156.0000 14.0000 27.0000 0.0000
0.0000 997.0000 58.0000 5.0000 0.0000 0.0000 3.0000 0.0000 63.0000 9.0000
46.0000 137.0000 603.0000 103.0000 11.0000 1.0000 24.0000 7.0000 81.0000 19.0000
13.0000 20.0000 26.0000 803.0000 2.0000 53.0000 12.0000 9.0000 44.0000 28.0000
6.0000 53.0000 25.0000 0.0000 486.0000 2.0000 64.0000 8.0000 42.0000 296.0000
89.0000 48.0000 30.0000 168.0000 8.0000 397.0000 65.0000 20.0000 47.0000 20.0000
18.0000 29.0000 33.0000 14.0000 97.0000 11.0000 716.0000 2.0000 7.0000 31.0000
10.0000 117.0000 114.0000 1.0000 30.0000 0.0000 5.0000 583.0000 76.0000 92.0000
8.0000 43.0000 15.0000 159.0000 20.0000 87.0000 19.0000 7.0000 558.0000 58.0000
15.0000 72.0000 11.0000 10.0000 252.0000 45.0000 14.0000 104.0000 89.0000 397.0000

Decoder Confusion Matrix (Train):
4811.0000 4.0000 93.0000 95.0000 10.0000 12.0000 675.0000 124.0000 99.0000 0.0000
0.0000 5864.0000 294.0000 31.0000 5.0000 1.0000 22.0000 9.0000 490.0000 26.0000
236.0000 580.0000 3884.0000 320.0000 94.0000 1.0000 340.0000 199.0000 276.0000 28.0000
286.0000 221.0000 317.0000 4410.0000 33.0000 115.0000 179.0000 182.0000 284.0000 104.0000
39.0000 247.0000 218.0000 23.0000 3764.0000 5.0000 520.0000 183.0000 258.0000 585.0000
1078.0000 397.0000 213.0000 957.0000 147.0000 1540.0000 358.0000 226.0000 329.0000 176.0000
119.0000 220.0000 224.0000 43.0000 328.0000 27.0000 4938.0000 3.0000 14.0000 2.0000
152.0000 415.0000 268.0000 36.0000 122.0000 4.0000 16.0000 4894.0000 188.0000 170.0000
176.0000 665.0000 179.0000 752.0000 119.0000 103.0000 156.0000 82.0000 3429.0000 190.0000
82.0000 361.0000 151.0000 142.0000 1671.0000 79.0000 83.0000 1401.0000 368.0000 1611.0000

Decoder Confusion Matrix (Test):
771.0000 1.0000 11.0000 15.0000 2.0000 3.0000 140.0000 14.0000 23.0000 0.0000
0.0000 995.0000 50.0000 7.0000 0.0000 0.0000 3.0000 1.0000 76.0000 3.0000
54.0000 101.0000 648.0000 73.0000 17.0000 0.0000 36.0000 27.0000 71.0000 5.0000
39.0000 26.0000 42.0000 777.0000 6.0000 22.0000 24.0000 31.0000 28.0000 15.0000
5.0000 50.0000 27.0000 2.0000 661.0000 1.0000 91.0000 20.0000 37.0000 88.0000
161.0000 45.0000 34.0000 176.0000 18.0000 265.0000 55.0000 58.0000 43.0000 37.0000
26.0000 24.0000 33.0000 7.0000 72.0000 3.0000 791.0000 1.0000 1.0000 0.0000
19.0000 66.0000 52.0000 2.0000 11.0000 0.0000 2.0000 808.0000 37.0000 31.0000
32.0000 65.0000 19.0000 138.0000 28.0000 23.0000 35.0000 21.0000 572.0000 41.0000
19.0000 48.0000 25.0000 14.0000 304.0000 8.0000 18.0000 230.0000 45.0000 298.0000

