Colored MNIST Experiment Results
==============================

Supervised Decoder:
------------------
Training:
Digit accuracy: 0.8037
Color accuracy: 1.0000
Full accuracy: 0.8037

Testing:
Digit accuracy: 0.7120
Color accuracy: 1.0000
Full accuracy: 0.7120

RtS Classification:
------------------
Training:
Digit accuracy: 0.7988
Color accuracy: 1.0000
Full accuracy: 0.7988

Testing:
Digit accuracy: 0.7399
Color accuracy: 1.0000
Full accuracy: 0.7399

StR-rep Cosine Similarities:
---------------------------
Average diagonal (matching pairs): 0.3936
Average off-diagonal (non-matching pairs): 0.3925

Full association matrix:
(d:0,c:0) 0.6124 0.4714 0.5344 0.5383 0.5032 0.5579 0.5316 0.5090 0.5363 0.5098 0.4722 0.3177 0.3765 0.3843 0.3547 0.4044 0.3751 0.3681 0.3775 0.3606
(d:0,c:1) 0.4308 0.2978 0.3524 0.3554 0.3229 0.3715 0.3533 0.3279 0.3487 0.3261 0.6066 0.4590 0.5231 0.5332 0.4858 0.5478 0.5176 0.4911 0.5216 0.4923
(d:1,c:0) 0.3632 0.5050 0.4165 0.4160 0.3791 0.4045 0.3880 0.3931 0.4232 0.3917 0.2462 0.3908 0.2968 0.2943 0.2622 0.2832 0.2691 0.2846 0.3032 0.2770
(d:1,c:1) 0.2267 0.3686 0.2766 0.2754 0.2402 0.2618 0.2515 0.2535 0.2786 0.2501 0.3665 0.5098 0.4235 0.4231 0.3760 0.4083 0.3928 0.3919 0.4277 0.3912
(d:2,c:0) 0.4692 0.4741 0.5437 0.4865 0.4797 0.4666 0.4921 0.4623 0.4928 0.4683 0.3298 0.3482 0.4042 0.3463 0.3372 0.3257 0.3571 0.3386 0.3528 0.3305
(d:2,c:1) 0.3104 0.3178 0.3799 0.3236 0.3181 0.3017 0.3330 0.3007 0.3253 0.3043 0.4593 0.4784 0.5396 0.4856 0.4596 0.4613 0.4900 0.4540 0.4873 0.4537
(d:3,c:0) 0.4180 0.4215 0.4299 0.4812 0.4013 0.4463 0.4036 0.4052 0.4408 0.4134 0.2992 0.3007 0.3039 0.3605 0.2865 0.3249 0.2779 0.2980 0.3221 0.2977
(d:3,c:1) 0.2746 0.2803 0.2835 0.3320 0.2565 0.2964 0.2612 0.2598 0.2895 0.2657 0.4068 0.4093 0.4182 0.4744 0.3886 0.4366 0.3899 0.3936 0.4336 0.3999
(d:4,c:0) 0.5025 0.4965 0.5271 0.5178 0.5960 0.5325 0.5384 0.5506 0.5462 0.5765 0.3559 0.3423 0.3740 0.3591 0.4553 0.3774 0.3892 0.4134 0.3905 0.4295
(d:4,c:1) 0.3333 0.3303 0.3542 0.3443 0.4230 0.3559 0.3692 0.3775 0.3674 0.4006 0.5072 0.4951 0.5340 0.5220 0.5977 0.5352 0.5448 0.5485 0.5477 0.5730
(d:5,c:0) 0.4790 0.4695 0.4657 0.4985 0.4772 0.5268 0.4680 0.4772 0.5034 0.4934 0.3463 0.3286 0.3255 0.3573 0.3448 0.3836 0.3303 0.3476 0.3620 0.3580
(d:5,c:1) 0.3197 0.3130 0.3037 0.3349 0.3154 0.3598 0.3093 0.3149 0.3353 0.3284 0.4747 0.4587 0.4624 0.4956 0.4663 0.5169 0.4633 0.4621 0.4955 0.4798
(d:6,c:0) 0.4753 0.4683 0.4988 0.4728 0.4856 0.4857 0.5428 0.4561 0.4915 0.4808 0.3386 0.3259 0.3563 0.3310 0.3508 0.3425 0.4059 0.3224 0.3467 0.3441
(d:6,c:1) 0.3150 0.3108 0.3348 0.3090 0.3226 0.3189 0.3807 0.2934 0.3227 0.3152 0.4651 0.4540 0.4902 0.4680 0.4700 0.4748 0.5343 0.4356 0.4785 0.4642
(d:7,c:0) 0.4165 0.4258 0.4237 0.4318 0.4468 0.4386 0.4145 0.5059 0.4428 0.4667 0.2904 0.2919 0.2903 0.2961 0.3223 0.3039 0.2857 0.3855 0.3096 0.3397
(d:7,c:1) 0.2737 0.2856 0.2780 0.2854 0.3015 0.2897 0.2721 0.3599 0.2922 0.3187 0.4238 0.4265 0.4315 0.4396 0.4490 0.4431 0.4232 0.5051 0.4485 0.4669
(d:8,c:0) 0.3954 0.4093 0.4153 0.4162 0.4091 0.4253 0.3974 0.4051 0.4467 0.4178 0.2780 0.2991 0.2959 0.2934 0.2976 0.3051 0.2799 0.3037 0.3278 0.3053
(d:8,c:1) 0.2574 0.2727 0.2739 0.2742 0.2685 0.2808 0.2596 0.2641 0.2997 0.2745 0.3793 0.4005 0.4030 0.4025 0.3924 0.4102 0.3846 0.3925 0.4316 0.4002
(d:9,c:0) 0.4090 0.4234 0.4219 0.4325 0.4609 0.4426 0.4276 0.4634 0.4494 0.4801 0.2861 0.2947 0.2950 0.3016 0.3430 0.3131 0.3019 0.3470 0.3221 0.3575
(d:9,c:1) 0.2736 0.2907 0.2838 0.2938 0.3237 0.3016 0.2928 0.3257 0.3068 0.3404 0.4221 0.4320 0.4388 0.4477 0.4730 0.4552 0.4421 0.4703 0.4640 0.4883

StR-rec Reconstruction Similarities:
--------------------------------
Average similarity: 0.3130

Per-combination similarities:
Digit 0, Color 0: 0.4086
Digit 0, Color 1: 0.1730
Digit 1, Color 0: 0.4545
Digit 1, Color 1: 0.2130
Digit 2, Color 0: 0.4345
Digit 2, Color 1: 0.2228
Digit 3, Color 0: 0.3997
Digit 3, Color 1: 0.2164
Digit 4, Color 0: 0.4277
Digit 4, Color 1: 0.1994
Digit 5, Color 0: 0.2032
Digit 5, Color 1: 0.3367
Digit 6, Color 0: 0.2309
Digit 6, Color 1: 0.4324
Digit 7, Color 0: 0.2215
Digit 7, Color 1: 0.4412
Digit 8, Color 0: 0.1981
Digit 8, Color 1: 0.4264
Digit 9, Color 0: 0.2147
Digit 9, Color 1: 0.4056
