Colored MNIST Experiment Results
==============================

Supervised Decoder:
------------------
Training:
Digit accuracy: 0.7619
Color accuracy: 1.0000
Full accuracy: 0.7619

Testing:
Digit accuracy: 0.7775
Color accuracy: 1.0000
Full accuracy: 0.7775

RtS Classification:
------------------
Training:
Digit accuracy: 0.7608
Color accuracy: 1.0000
Full accuracy: 0.7608

Testing:
Digit accuracy: 0.7725
Color accuracy: 1.0000
Full accuracy: 0.7725

StR-rep Cosine Similarities:
---------------------------
Average diagonal (matching pairs): 0.3991
Average off-diagonal (non-matching pairs): 0.3970

Full association matrix:
(d:0,c:0) 0.6170 0.4800 0.5272 0.5346 0.5046 0.5595 0.5332 0.5074 0.5314 0.5099 0.4359 0.3093 0.3572 0.3582 0.3304 0.3757 0.3585 0.3337 0.3518 0.3333
(d:0,c:1) 0.4647 0.3295 0.3712 0.3804 0.3490 0.4027 0.3760 0.3525 0.3733 0.3528 0.6019 0.4752 0.5229 0.5321 0.4982 0.5504 0.5233 0.5030 0.5256 0.5050
(d:1,c:0) 0.3104 0.4293 0.3546 0.3507 0.3260 0.3408 0.3270 0.3299 0.3501 0.3282 0.1846 0.3114 0.2408 0.2295 0.2145 0.2127 0.2226 0.2240 0.2321 0.2224
(d:1,c:1) 0.2040 0.3254 0.2467 0.2438 0.2184 0.2320 0.2181 0.2228 0.2408 0.2196 0.2912 0.4192 0.3481 0.3421 0.3233 0.3257 0.3291 0.3338 0.3447 0.3338
(d:2,c:0) 0.4392 0.4592 0.5037 0.4506 0.4404 0.4369 0.4577 0.4262 0.4540 0.4260 0.2883 0.3148 0.3579 0.3019 0.2984 0.2820 0.3225 0.2893 0.3036 0.2885
(d:2,c:1) 0.3066 0.3296 0.3693 0.3174 0.3062 0.3012 0.3220 0.2926 0.3176 0.2905 0.4234 0.4513 0.4938 0.4445 0.4361 0.4250 0.4575 0.4283 0.4462 0.4295
(d:3,c:0) 0.4717 0.4906 0.4832 0.5403 0.4548 0.5035 0.4549 0.4583 0.4950 0.4640 0.3162 0.3395 0.3362 0.3846 0.3075 0.3448 0.3085 0.3113 0.3383 0.3168
(d:3,c:1) 0.3286 0.3507 0.3380 0.3966 0.3101 0.3571 0.3084 0.3142 0.3479 0.3180 0.4593 0.4841 0.4799 0.5357 0.4534 0.4964 0.4514 0.4587 0.4894 0.4662
(d:4,c:0) 0.4962 0.4889 0.5145 0.4977 0.5814 0.5175 0.5303 0.5265 0.5237 0.5531 0.3223 0.3240 0.3502 0.3260 0.4168 0.3375 0.3684 0.3614 0.3533 0.3873
(d:4,c:1) 0.3465 0.3425 0.3627 0.3471 0.4314 0.3645 0.3774 0.3762 0.3699 0.4011 0.4871 0.4905 0.5163 0.4998 0.5865 0.5120 0.5339 0.5317 0.5275 0.5603
(d:5,c:0) 0.4858 0.4764 0.4650 0.5018 0.4772 0.5286 0.4685 0.4748 0.5005 0.4898 0.3291 0.3239 0.3096 0.3404 0.3192 0.3642 0.3122 0.3185 0.3401 0.3298
(d:5,c:1) 0.3447 0.3385 0.3214 0.3602 0.3344 0.3846 0.3237 0.3325 0.3554 0.3457 0.4797 0.4759 0.4607 0.4993 0.4726 0.5239 0.4624 0.4733 0.4990 0.4870
(d:6,c:0) 0.4869 0.4804 0.5057 0.4799 0.4984 0.4949 0.5543 0.4651 0.4962 0.4912 0.3285 0.3287 0.3509 0.3211 0.3394 0.3299 0.3976 0.3089 0.3364 0.3318
(d:6,c:1) 0.3417 0.3383 0.3583 0.3339 0.3516 0.3463 0.4059 0.3187 0.3468 0.3429 0.4778 0.4794 0.5009 0.4785 0.4916 0.4878 0.5470 0.4624 0.4939 0.4875
(d:7,c:0) 0.4771 0.4844 0.4801 0.4870 0.5070 0.4967 0.4701 0.5729 0.4977 0.5278 0.3126 0.3243 0.3179 0.3197 0.3440 0.3242 0.3134 0.4068 0.3306 0.3624
(d:7,c:1) 0.3301 0.3407 0.3307 0.3393 0.3584 0.3463 0.3194 0.4254 0.3465 0.3780 0.4643 0.4775 0.4702 0.4797 0.4988 0.4847 0.4647 0.5634 0.4907 0.5209
(d:8,c:0) 0.4018 0.4245 0.4194 0.4186 0.4152 0.4278 0.4066 0.4096 0.4460 0.4206 0.2683 0.2965 0.2915 0.2846 0.2800 0.2884 0.2769 0.2755 0.3139 0.2853
(d:8,c:1) 0.2902 0.3165 0.3065 0.3070 0.3026 0.3142 0.2921 0.2973 0.3324 0.3070 0.4056 0.4361 0.4303 0.4297 0.4203 0.4340 0.4144 0.4169 0.4601 0.4289
(d:9,c:0) 0.4374 0.4566 0.4534 0.4598 0.5026 0.4727 0.4637 0.4919 0.4781 0.5170 0.2802 0.3106 0.3036 0.3036 0.3495 0.3105 0.3145 0.3372 0.3246 0.3642
(d:9,c:1) 0.3040 0.3267 0.3181 0.3261 0.3689 0.3367 0.3274 0.3586 0.3414 0.3822 0.4279 0.4603 0.4524 0.4596 0.5014 0.4672 0.4626 0.4902 0.4810 0.5198

StR-rec Reconstruction Similarities:
--------------------------------
Average similarity: 0.3140

Per-combination similarities:
Digit 0, Color 0: 0.4107
Digit 0, Color 1: 0.1688
Digit 1, Color 0: 0.4685
Digit 1, Color 1: 0.2143
Digit 2, Color 0: 0.4371
Digit 2, Color 1: 0.2181
Digit 3, Color 0: 0.3954
Digit 3, Color 1: 0.2160
Digit 4, Color 0: 0.4286
Digit 4, Color 1: 0.2037
Digit 5, Color 0: 0.1994
Digit 5, Color 1: 0.3435
Digit 6, Color 0: 0.2270
Digit 6, Color 1: 0.4396
Digit 7, Color 0: 0.2181
Digit 7, Color 1: 0.4490
Digit 8, Color 0: 0.1994
Digit 8, Color 1: 0.4260
Digit 9, Color 0: 0.2126
Digit 9, Color 1: 0.4039
