Colored MNIST Experiment Results
==============================

Supervised Decoder:
------------------
Training:
Digit accuracy: 0.7917
Color accuracy: 1.0000
Full accuracy: 0.7917

Testing:
Digit accuracy: 0.6528
Color accuracy: 1.0000
Full accuracy: 0.6528

RtS Classification:
------------------
Training:
Digit accuracy: 0.7067
Color accuracy: 1.0000
Full accuracy: 0.7067

Testing:
Digit accuracy: 0.5248
Color accuracy: 1.0000
Full accuracy: 0.5248

StR-rep Cosine Similarities:
---------------------------
Average diagonal (matching pairs): 0.3816
Average off-diagonal (non-matching pairs): 0.3802

Full association matrix:
(d:0,c:0) 0.5985 0.4617 0.5233 0.5266 0.4977 0.5438 0.5276 0.5011 0.5175 0.5028 0.4612 0.3242 0.3759 0.3732 0.3501 0.3935 0.3880 0.3598 0.3649 0.3507
(d:0,c:1) 0.4090 0.2903 0.3374 0.3576 0.3194 0.3666 0.3213 0.3389 0.3587 0.3348 0.5938 0.4793 0.5104 0.5282 0.4970 0.5482 0.5137 0.5101 0.5301 0.5085
(d:1,c:0) 0.3426 0.4613 0.3907 0.3879 0.3540 0.3749 0.3652 0.3688 0.3902 0.3645 0.2250 0.3499 0.2681 0.2603 0.2360 0.2499 0.2526 0.2525 0.2623 0.2448
(d:1,c:1) 0.2095 0.3301 0.2546 0.2649 0.2243 0.2470 0.2149 0.2507 0.2744 0.2423 0.3355 0.4654 0.3742 0.3822 0.3518 0.3729 0.3532 0.3705 0.3914 0.3685
(d:2,c:0) 0.4518 0.4506 0.5068 0.4592 0.4489 0.4450 0.4719 0.4411 0.4598 0.4403 0.3267 0.3409 0.3902 0.3274 0.3222 0.3113 0.3578 0.3179 0.3278 0.3099
(d:2,c:1) 0.2975 0.3052 0.3497 0.3190 0.2993 0.2990 0.2979 0.3064 0.3284 0.3005 0.4576 0.4842 0.5160 0.4736 0.4602 0.4590 0.4775 0.4596 0.4827 0.4582
(d:3,c:0) 0.5090 0.5090 0.5175 0.5794 0.4836 0.5386 0.4864 0.4951 0.5276 0.4980 0.3534 0.3691 0.3597 0.4120 0.3258 0.3738 0.3403 0.3414 0.3612 0.3346
(d:3,c:1) 0.3276 0.3371 0.3347 0.4085 0.3089 0.3637 0.2865 0.3350 0.3694 0.3323 0.4802 0.5084 0.4831 0.5509 0.4617 0.5163 0.4573 0.4801 0.5128 0.4803
(d:4,c:0) 0.4949 0.4667 0.5111 0.4934 0.5696 0.5078 0.5265 0.5207 0.5142 0.5453 0.3466 0.3217 0.3595 0.3301 0.4247 0.3467 0.3866 0.3764 0.3548 0.3925
(d:4,c:1) 0.3155 0.2987 0.3300 0.3302 0.3914 0.3367 0.3244 0.3612 0.3596 0.3789 0.4872 0.4779 0.4963 0.4886 0.5688 0.5053 0.5138 0.5270 0.5216 0.5492
(d:5,c:0) 0.4829 0.4603 0.4654 0.4982 0.4684 0.5173 0.4647 0.4674 0.4910 0.4792 0.3437 0.3304 0.3230 0.3483 0.3257 0.3719 0.3339 0.3258 0.3428 0.3343
(d:5,c:1) 0.3186 0.3062 0.3011 0.3481 0.3096 0.3597 0.2819 0.3236 0.3502 0.3296 0.4743 0.4748 0.4517 0.4945 0.4642 0.5177 0.4546 0.4680 0.4981 0.4825
(d:6,c:0) 0.4622 0.4434 0.4829 0.4475 0.4702 0.4632 0.5468 0.4364 0.4632 0.4635 0.2231 0.2174 0.2351 0.2110 0.2262 0.2169 0.2728 0.2144 0.2185 0.2229
(d:6,c:1) 0.3461 0.3355 0.3673 0.3456 0.3594 0.3555 0.4160 0.3387 0.3712 0.3621 0.3840 0.3913 0.3938 0.3872 0.3944 0.3942 0.4261 0.3856 0.4040 0.4011
(d:7,c:0) 0.3927 0.3906 0.3935 0.4010 0.4199 0.4070 0.3856 0.4966 0.4105 0.4452 0.1932 0.1985 0.1964 0.1942 0.2076 0.1969 0.1967 0.2477 0.1978 0.2173
(d:7,c:1) 0.2706 0.2761 0.2707 0.2913 0.3015 0.2917 0.2472 0.3901 0.3082 0.3348 0.3149 0.3313 0.3157 0.3292 0.3352 0.3326 0.3097 0.3780 0.3402 0.3533
(d:8,c:0) 0.3967 0.4118 0.4157 0.4108 0.3885 0.4123 0.3935 0.3914 0.4251 0.3928 0.3435 0.3932 0.3816 0.3637 0.3520 0.3677 0.3532 0.3591 0.4005 0.3568
(d:8,c:1) 0.2107 0.2315 0.2261 0.2358 0.2080 0.2313 0.1908 0.2236 0.2558 0.2202 0.4205 0.4743 0.4503 0.4516 0.4340 0.4557 0.4196 0.4433 0.4905 0.4469
(d:9,c:0) 0.3644 0.3522 0.3683 0.3719 0.4016 0.3821 0.3794 0.4014 0.3814 0.4108 0.3167 0.3142 0.3199 0.3192 0.3859 0.3379 0.3477 0.3886 0.3397 0.4018
(d:9,c:1) 0.2056 0.2026 0.2085 0.2254 0.2435 0.2289 0.2022 0.2564 0.2419 0.2603 0.4155 0.4248 0.4158 0.4315 0.4843 0.4493 0.4345 0.4900 0.4579 0.5075

StR-rec Reconstruction Similarities:
--------------------------------
Average similarity: 0.3109

Per-combination similarities:
Digit 0, Color 0: 0.4056
Digit 0, Color 1: 0.1539
Digit 1, Color 0: 0.4506
Digit 1, Color 1: 0.2173
Digit 2, Color 0: 0.4319
Digit 2, Color 1: 0.2219
Digit 3, Color 0: 0.3967
Digit 3, Color 1: 0.2190
Digit 4, Color 0: 0.4140
Digit 4, Color 1: 0.2049
Digit 5, Color 0: 0.2032
Digit 5, Color 1: 0.3448
Digit 6, Color 0: 0.2304
Digit 6, Color 1: 0.4256
Digit 7, Color 0: 0.2168
Digit 7, Color 1: 0.4375
Digit 8, Color 0: 0.1994
Digit 8, Color 1: 0.4298
Digit 9, Color 0: 0.2173
Digit 9, Color 1: 0.3971
