Colored MNIST Experiment Results
==============================

Supervised Decoder:
------------------
Training:
Digit accuracy: 0.8042
Color accuracy: 1.0000
Full accuracy: 0.8042

Testing:
Digit accuracy: 0.6461
Color accuracy: 1.0000
Full accuracy: 0.6461

RtS Classification:
------------------
Training:
Digit accuracy: 0.7502
Color accuracy: 1.0000
Full accuracy: 0.7502

Testing:
Digit accuracy: 0.5678
Color accuracy: 1.0000
Full accuracy: 0.5678

StR-rep Cosine Similarities:
---------------------------
Average diagonal (matching pairs): 0.4995
Average off-diagonal (non-matching pairs): 0.3737

Full association matrix:
(d:0,c:0) 0.4970 0.4052 0.4367 0.4466 0.4064 0.4556 0.4334 0.4175 0.4381 0.4178 0.3818 0.3046 0.3313 0.3411 0.2842 0.3337 0.3094 0.2984 0.3197 0.2884
(d:0,c:1) 0.3282 0.4537 0.3707 0.3771 0.3330 0.3646 0.3450 0.3620 0.3820 0.3557 0.2302 0.3842 0.2864 0.2939 0.2304 0.2579 0.2392 0.2536 0.2846 0.2453
(d:1,c:0) 0.4502 0.4722 0.5093 0.4684 0.4344 0.4487 0.4656 0.4439 0.4676 0.4396 0.3340 0.3786 0.4109 0.3677 0.3126 0.3258 0.3419 0.3167 0.3494 0.3069
(d:1,c:1) 0.4546 0.4655 0.4611 0.5348 0.4122 0.4840 0.4211 0.4264 0.4732 0.4301 0.2422 0.2692 0.2585 0.3002 0.2143 0.2571 0.2184 0.2277 0.2567 0.2232
(d:2,c:0) 0.4951 0.5207 0.5117 0.5159 0.5888 0.5229 0.5272 0.5232 0.5461 0.5637 0.3849 0.3701 0.3798 0.3722 0.4129 0.3758 0.3696 0.3691 0.3882 0.3830
(d:2,c:1) 0.3811 0.3718 0.3716 0.4056 0.3564 0.4100 0.3656 0.3659 0.3932 0.3737 0.3620 0.3510 0.3375 0.3945 0.3086 0.3950 0.3229 0.3227 0.3624 0.3277
(d:3,c:0) 0.4560 0.4510 0.4673 0.4507 0.4426 0.4563 0.5000 0.4304 0.4593 0.4471 0.3287 0.3475 0.3574 0.3405 0.3151 0.3280 0.3716 0.3046 0.3339 0.3130
(d:3,c:1) 0.4047 0.4127 0.4028 0.4168 0.4208 0.4220 0.3896 0.5045 0.4223 0.4512 0.2181 0.2432 0.2329 0.2440 0.2203 0.2249 0.2056 0.2687 0.2322 0.2331
(d:4,c:0) 0.4363 0.4753 0.4559 0.4634 0.4386 0.4675 0.4388 0.4376 0.4905 0.4530 0.3296 0.3716 0.3524 0.3562 0.3122 0.3430 0.3166 0.3116 0.3697 0.3167
(d:4,c:1) 0.3900 0.3967 0.3946 0.4052 0.4102 0.4071 0.3886 0.4278 0.4121 0.4321 0.3513 0.3911 0.3719 0.3905 0.4058 0.3745 0.3544 0.4318 0.3926 0.4331
(d:5,c:0) 0.3812 0.2676 0.3032 0.3036 0.2975 0.3321 0.3181 0.2892 0.3097 0.3012 0.5215 0.4176 0.4523 0.4576 0.4336 0.4756 0.4542 0.4387 0.4565 0.4394
(d:5,c:1) 0.2309 0.3462 0.2614 0.2595 0.2443 0.2635 0.2507 0.2574 0.2779 0.2611 0.3579 0.4985 0.4019 0.4055 0.3692 0.3903 0.3737 0.3852 0.4144 0.3862
(d:6,c:0) 0.3333 0.3360 0.3782 0.3250 0.3268 0.3249 0.3519 0.3158 0.3400 0.3238 0.4867 0.5072 0.5488 0.4984 0.4775 0.4818 0.5024 0.4716 0.5016 0.4731
(d:6,c:1) 0.3688 0.3611 0.3595 0.4309 0.3316 0.3945 0.3342 0.3270 0.3781 0.3432 0.4006 0.4050 0.4007 0.4418 0.3825 0.4206 0.3815 0.3875 0.4153 0.3939
(d:7,c:0) 0.3523 0.3556 0.3501 0.3427 0.4596 0.3730 0.3880 0.3688 0.3916 0.4244 0.5495 0.5049 0.5235 0.5099 0.5931 0.5444 0.5423 0.5368 0.5516 0.5643
(d:7,c:1) 0.2381 0.2113 0.2141 0.2370 0.2235 0.2591 0.2256 0.2140 0.2392 0.2324 0.4617 0.4283 0.4224 0.4716 0.4229 0.4960 0.4313 0.4273 0.4610 0.4423
(d:8,c:0) 0.3307 0.3061 0.3259 0.2991 0.3266 0.3243 0.3777 0.2943 0.3230 0.3232 0.4648 0.4588 0.4763 0.4542 0.4636 0.4676 0.5155 0.4433 0.4689 0.4630
(d:8,c:1) 0.3105 0.3008 0.2932 0.2990 0.3367 0.3228 0.2965 0.4075 0.3190 0.3617 0.3558 0.3593 0.3552 0.3624 0.3699 0.3663 0.3490 0.4126 0.3698 0.3850
(d:9,c:0) 0.3090 0.3290 0.3127 0.3105 0.3207 0.3339 0.3139 0.3000 0.3527 0.3272 0.4608 0.4784 0.4664 0.4654 0.4557 0.4778 0.4548 0.4456 0.5000 0.4618
(d:9,c:1) 0.2349 0.2223 0.2236 0.2238 0.2628 0.2444 0.2360 0.2599 0.2448 0.2754 0.4519 0.4647 0.4541 0.4666 0.5146 0.4768 0.4617 0.5294 0.4891 0.5414

StR-rec Reconstruction Similarities:
--------------------------------
Average similarity: 0.4170

Per-combination similarities:
Digit 0, Color 0: 0.4022
Digit 0, Color 1: 0.3550
Digit 1, Color 0: 0.4562
Digit 1, Color 1: 0.4196
Digit 2, Color 0: 0.4345
Digit 2, Color 1: 0.4354
Digit 3, Color 0: 0.3992
Digit 3, Color 1: 0.4320
Digit 4, Color 0: 0.4230
Digit 4, Color 1: 0.4133
Digit 5, Color 0: 0.4158
Digit 5, Color 1: 0.3244
Digit 6, Color 0: 0.4621
Digit 6, Color 1: 0.4375
Digit 7, Color 0: 0.4388
Digit 7, Color 1: 0.4405
Digit 8, Color 0: 0.3920
Digit 8, Color 1: 0.4294
Digit 9, Color 0: 0.4311
Digit 9, Color 1: 0.3988
