Colored MNIST Experiment Results
==============================

Supervised Decoder:
------------------
Training:
Digit accuracy: 0.7684
Color accuracy: 1.0000
Full accuracy: 0.7684

Testing:
Digit accuracy: 0.6786
Color accuracy: 1.0000
Full accuracy: 0.6786

RtS Classification:
------------------
Training:
Digit accuracy: 0.6282
Color accuracy: 0.8013
Full accuracy: 0.4918

Testing:
Digit accuracy: 0.5118
Color accuracy: 0.7633
Full accuracy: 0.3770

StR-rep Cosine Similarities:
---------------------------
Average diagonal (matching pairs): 0.1844
Average off-diagonal (non-matching pairs): 0.1888

Full association matrix:
(d:0,c:0) 0.2045 0.1235 0.1846 0.2333 0.2110 0.1976 0.2047 0.1993 0.1420 0.1944 0.1925 0.2647 0.1810 0.1884 0.2109 0.2227 0.1752 0.2123 0.2203 0.2110
(d:0,c:1) 0.1432 0.0643 0.1231 0.1715 0.1528 0.1350 0.1455 0.1410 0.0783 0.1348 0.1625 0.2379 0.1515 0.1590 0.1847 0.1934 0.1468 0.1874 0.1907 0.1849
(d:1,c:0) 0.1953 0.1325 0.1834 0.2320 0.2086 0.1942 0.2017 0.1983 0.1414 0.1930 0.1852 0.2736 0.1812 0.1881 0.2099 0.2209 0.1736 0.2122 0.2206 0.2106
(d:1,c:1) 0.1366 0.0706 0.1221 0.1704 0.1510 0.1325 0.1432 0.1401 0.0777 0.1337 0.1573 0.2441 0.1516 0.1588 0.1840 0.1921 0.1456 0.1872 0.1908 0.1846
(d:2,c:0) 0.2009 0.1279 0.1896 0.2344 0.2134 0.1967 0.2071 0.2007 0.1439 0.1958 0.1899 0.2689 0.1861 0.1901 0.2133 0.2225 0.1778 0.2139 0.2224 0.2127
(d:2,c:1) 0.1403 0.0671 0.1263 0.1720 0.1542 0.1340 0.1468 0.1416 0.0792 0.1355 0.1606 0.2408 0.1550 0.1601 0.1864 0.1932 0.1485 0.1884 0.1920 0.1860
(d:3,c:0) 0.1999 0.1268 0.1850 0.2371 0.2106 0.1979 0.2031 0.1991 0.1431 0.1945 0.1887 0.2677 0.1818 0.1921 0.2111 0.2232 0.1744 0.2125 0.2217 0.2115
(d:3,c:1) 0.1399 0.0666 0.1234 0.1741 0.1525 0.1352 0.1443 0.1408 0.0790 0.1349 0.1599 0.2401 0.1521 0.1616 0.1849 0.1938 0.1462 0.1876 0.1916 0.1853
(d:4,c:0) 0.1986 0.1239 0.1840 0.2315 0.2164 0.1956 0.2051 0.2014 0.1422 0.1980 0.1860 0.2639 0.1794 0.1858 0.2133 0.2200 0.1742 0.2124 0.2192 0.2121
(d:4,c:1) 0.1391 0.0647 0.1228 0.1703 0.1567 0.1337 0.1458 0.1425 0.0785 0.1375 0.1580 0.2374 0.1504 0.1573 0.1865 0.1916 0.1461 0.1875 0.1899 0.1857
(d:5,c:0) 0.2003 0.1254 0.1833 0.2340 0.2116 0.1986 0.2036 0.1996 0.1429 0.1955 0.1889 0.2665 0.1803 0.1894 0.2118 0.2240 0.1747 0.2127 0.2213 0.2122
(d:5,c:1) 0.1402 0.0657 0.1222 0.1720 0.1532 0.1357 0.1447 0.1411 0.0789 0.1356 0.1601 0.2392 0.1511 0.1598 0.1854 0.1944 0.1465 0.1877 0.1914 0.1858
(d:6,c:0) 0.2005 0.1260 0.1860 0.2326 0.2131 0.1966 0.2090 0.1993 0.1427 0.1958 0.1894 0.2673 0.1827 0.1883 0.2130 0.2225 0.1792 0.2126 0.2212 0.2125
(d:6,c:1) 0.1402 0.0660 0.1239 0.1708 0.1542 0.1341 0.1483 0.1408 0.0786 0.1357 0.1603 0.2397 0.1527 0.1589 0.1862 0.1932 0.1496 0.1876 0.1912 0.1859
(d:7,c:0) 0.1962 0.1234 0.1811 0.2298 0.2102 0.1934 0.2005 0.2020 0.1396 0.1944 0.1938 0.2725 0.1863 0.1938 0.2197 0.2279 0.1795 0.2272 0.2270 0.2213
(d:7,c:1) 0.1362 0.0632 0.1194 0.1678 0.1511 0.1308 0.1414 0.1417 0.0754 0.1337 0.1628 0.2428 0.1546 0.1622 0.1904 0.1965 0.1492 0.1973 0.1947 0.1916
(d:8,c:0) 0.4268 0.3843 0.4274 0.4721 0.4397 0.4472 0.4251 0.4348 0.4200 0.4374 0.2780 0.3446 0.2791 0.2862 0.2929 0.3136 0.2653 0.2895 0.3200 0.2944
(d:8,c:1) 0.2324 0.1698 0.2219 0.2718 0.2487 0.2377 0.2354 0.2394 0.1910 0.2361 0.2012 0.2820 0.1965 0.2046 0.2261 0.2381 0.1878 0.2272 0.2397 0.2271
(d:9,c:0) 0.1934 0.1207 0.1788 0.2275 0.2088 0.1911 0.1991 0.1965 0.1376 0.1928 0.1896 0.2693 0.1832 0.1910 0.2189 0.2255 0.1784 0.2189 0.2248 0.2200
(d:9,c:1) 0.1350 0.0620 0.1186 0.1670 0.1508 0.1300 0.1411 0.1385 0.0747 0.1333 0.1603 0.2409 0.1529 0.1607 0.1902 0.1952 0.1489 0.1918 0.1936 0.1910

StR-rec Reconstruction Similarities:
--------------------------------
Average similarity: 0.3132

Per-combination similarities:
Digit 0, Color 0: 0.4090
Digit 0, Color 1: 0.1696
Digit 1, Color 0: 0.4626
Digit 1, Color 1: 0.2173
Digit 2, Color 0: 0.4303
Digit 2, Color 1: 0.2190
Digit 3, Color 0: 0.3895
Digit 3, Color 1: 0.2164
Digit 4, Color 0: 0.4235
Digit 4, Color 1: 0.2024
Digit 5, Color 0: 0.2045
Digit 5, Color 1: 0.3461
Digit 6, Color 0: 0.2300
Digit 6, Color 1: 0.4269
Digit 7, Color 0: 0.2211
Digit 7, Color 1: 0.4439
Digit 8, Color 0: 0.2020
Digit 8, Color 1: 0.4277
Digit 9, Color 0: 0.2160
Digit 9, Color 1: 0.4065
