Colored MNIST Experiment Results
==============================

Supervised Decoder:
------------------
Training:
Digit accuracy: 0.7295
Color accuracy: 0.9253
Full accuracy: 0.6718

Testing:
Digit accuracy: 0.7377
Color accuracy: 0.9272
Full accuracy: 0.6821

RtS Classification:
------------------
Training:
Digit accuracy: 0.7102
Color accuracy: 0.8989
Full accuracy: 0.6376

Testing:
Digit accuracy: 0.7144
Color accuracy: 0.9031
Full accuracy: 0.6467

StR-rep Cosine Similarities:
---------------------------
Average diagonal (matching pairs): 0.4487
Average off-diagonal (non-matching pairs): 0.3240

Full association matrix:
(d:0,c:0) 0.4635 0.3362 0.3071 0.2481 0.3963 0.2910 0.3349 0.2733 0.3982 0.2930 0.4167 0.3323 0.4253 0.2409 0.3560 0.2695 0.4260 0.3283 0.3867 0.2755
(d:0,c:1) 0.3254 0.3915 0.1801 0.3130 0.2690 0.4132 0.2506 0.3703 0.2794 0.3996 0.2947 0.3881 0.2558 0.3577 0.2409 0.3354 0.2682 0.4118 0.2752 0.3954
(d:1,c:0) 0.3264 0.2122 0.4347 0.3849 0.3946 0.2696 0.3174 0.2444 0.3922 0.2485 0.3602 0.2876 0.3905 0.2145 0.3514 0.2434 0.4249 0.3258 0.3934 0.2600
(d:1,c:1) 0.2203 0.2871 0.3286 0.4623 0.2943 0.4064 0.2555 0.3556 0.3003 0.3703 0.2665 0.3622 0.2510 0.3431 0.2606 0.3240 0.2966 0.4269 0.3079 0.3936
(d:2,c:0) 0.3636 0.2391 0.3514 0.3159 0.4757 0.3844 0.3353 0.2628 0.4403 0.3175 0.3722 0.2932 0.4407 0.2670 0.3623 0.3019 0.4457 0.3613 0.4285 0.3067
(d:2,c:1) 0.1934 0.2500 0.1844 0.3126 0.2856 0.4156 0.2089 0.2995 0.2653 0.3509 0.2107 0.2921 0.2250 0.3172 0.2055 0.3037 0.2386 0.3677 0.2616 0.3526
(d:3,c:0) 0.4106 0.2650 0.3839 0.3385 0.4504 0.3313 0.4245 0.3931 0.4105 0.3115 0.4344 0.3958 0.4451 0.2395 0.3491 0.2960 0.4707 0.4050 0.4084 0.3195
(d:3,c:1) 0.2460 0.3022 0.2239 0.3684 0.2862 0.4210 0.3020 0.4479 0.2605 0.3889 0.2790 0.4138 0.2424 0.3341 0.2090 0.3345 0.2757 0.4485 0.2652 0.4076
(d:4,c:0) 0.3653 0.2176 0.3188 0.2976 0.4124 0.3112 0.3118 0.2432 0.5067 0.3805 0.3870 0.3032 0.4393 0.2545 0.3735 0.3214 0.4414 0.3517 0.4619 0.3434
(d:4,c:1) 0.2037 0.2412 0.1668 0.3088 0.2470 0.3707 0.1989 0.2936 0.3302 0.4133 0.2321 0.3103 0.2345 0.3176 0.2237 0.3299 0.2462 0.3726 0.2997 0.3938
(d:5,c:0) 0.4067 0.2651 0.3659 0.3130 0.4126 0.2952 0.3754 0.3007 0.4370 0.3253 0.4810 0.3948 0.4504 0.2462 0.3872 0.3042 0.4766 0.3888 0.4501 0.3264
(d:5,c:1) 0.2556 0.3122 0.2200 0.3584 0.2671 0.4019 0.2723 0.3808 0.2973 0.4133 0.3343 0.4275 0.2610 0.3497 0.2539 0.3529 0.2957 0.4493 0.3153 0.4263
(d:6,c:0) 0.3776 0.2590 0.3544 0.3183 0.4202 0.3292 0.3287 0.2481 0.4400 0.3305 0.3987 0.3066 0.4965 0.3221 0.3526 0.2708 0.4403 0.3544 0.4350 0.3143
(d:6,c:1) 0.2326 0.3029 0.2127 0.3588 0.2763 0.4256 0.2321 0.3289 0.3019 0.4121 0.2635 0.3452 0.3055 0.4110 0.2254 0.3192 0.2669 0.4135 0.3037 0.4092
(d:7,c:0) 0.3456 0.2264 0.3156 0.3009 0.3555 0.2568 0.2957 0.2485 0.4314 0.3062 0.3685 0.2905 0.3867 0.2145 0.4603 0.3590 0.4018 0.3136 0.4448 0.3125
(d:7,c:1) 0.2237 0.2929 0.1958 0.3675 0.2395 0.3850 0.2209 0.3510 0.3203 0.4168 0.2584 0.3541 0.2294 0.3359 0.3487 0.4253 0.2554 0.4033 0.3396 0.4348
(d:8,c:0) 0.3764 0.2372 0.3659 0.3283 0.4242 0.3147 0.3359 0.2732 0.4420 0.3276 0.4176 0.3403 0.4365 0.2481 0.3687 0.2953 0.4857 0.4001 0.4491 0.3237
(d:8,c:1) 0.2296 0.2776 0.2211 0.3602 0.2769 0.4034 0.2357 0.3432 0.3003 0.4005 0.2772 0.3674 0.2508 0.3374 0.2374 0.3336 0.3043 0.4446 0.3125 0.4082
(d:9,c:0) 0.3576 0.2151 0.3343 0.3086 0.3809 0.2940 0.3196 0.2523 0.4817 0.3441 0.3990 0.3130 0.4172 0.2440 0.3942 0.3260 0.4448 0.3596 0.5103 0.3690
(d:9,c:1) 0.1863 0.2293 0.1689 0.3040 0.2094 0.3424 0.1944 0.2887 0.2938 0.3681 0.2288 0.3045 0.2041 0.2968 0.2275 0.3193 0.2349 0.3628 0.3212 0.3972

StR-rec Reconstruction Similarities:
--------------------------------
Average similarity: 0.4164

Per-combination similarities:
Digit 0, Color 0: 0.4056
Digit 0, Color 1: 0.4073
Digit 1, Color 0: 0.3223
Digit 1, Color 1: 0.3503
Digit 2, Color 0: 0.4583
Digit 2, Color 1: 0.4541
Digit 3, Color 0: 0.4354
Digit 3, Color 1: 0.4328
Digit 4, Color 0: 0.4320
Digit 4, Color 1: 0.4337
Digit 5, Color 0: 0.4354
Digit 5, Color 1: 0.4439
Digit 6, Color 0: 0.3929
Digit 6, Color 1: 0.4022
Digit 7, Color 0: 0.4218
Digit 7, Color 1: 0.4379
Digit 8, Color 0: 0.4184
Digit 8, Color 1: 0.4328
Digit 9, Color 0: 0.4073
Digit 9, Color 1: 0.4048
