Colored MNIST Experiment Results
==============================

Supervised Decoder:
------------------
Training:
Digit accuracy: 0.7710
Color accuracy: 1.0000
Full accuracy: 0.7710

Testing:
Digit accuracy: 0.6708
Color accuracy: 1.0000
Full accuracy: 0.6708

RtS Classification:
------------------
Training:
Digit accuracy: 0.6994
Color accuracy: 0.9990
Full accuracy: 0.6989

Testing:
Digit accuracy: 0.5345
Color accuracy: 0.9992
Full accuracy: 0.5342

StR-rep Cosine Similarities:
---------------------------
Average diagonal (matching pairs): 0.3744
Average off-diagonal (non-matching pairs): 0.3705

Full association matrix:
(d:0,c:0) 0.4765 0.3037 0.4123 0.4080 0.4117 0.4131 0.4147 0.4132 0.4010 0.4184 0.3775 0.2654 0.3121 0.2866 0.2974 0.3044 0.3081 0.2776 0.2890 0.2780
(d:0,c:1) 0.4361 0.2840 0.3562 0.3619 0.3690 0.3760 0.3621 0.3894 0.3550 0.3806 0.6055 0.4803 0.5278 0.5206 0.5273 0.5456 0.5324 0.5271 0.5233 0.5258
(d:1,c:0) 0.3496 0.4008 0.3802 0.3732 0.3603 0.3596 0.3596 0.3728 0.3757 0.3719 0.2402 0.3493 0.2771 0.2568 0.2478 0.2485 0.2532 0.2436 0.2651 0.2435
(d:1,c:1) 0.2344 0.3535 0.2730 0.2742 0.2616 0.2647 0.2520 0.2902 0.2790 0.2766 0.3520 0.4931 0.4006 0.3992 0.3830 0.3909 0.3818 0.3992 0.4081 0.3975
(d:2,c:0) 0.4413 0.3741 0.4777 0.4297 0.4404 0.4116 0.4432 0.4354 0.4297 0.4389 0.3324 0.3313 0.3804 0.3129 0.3253 0.2995 0.3427 0.2963 0.3195 0.2986
(d:2,c:1) 0.3511 0.3439 0.4012 0.3531 0.3686 0.3380 0.3612 0.3803 0.3556 0.3692 0.5111 0.5328 0.5791 0.5221 0.5299 0.5069 0.5424 0.5197 0.5298 0.5206
(d:3,c:0) 0.4796 0.4166 0.4724 0.5176 0.4574 0.4762 0.4457 0.4679 0.4736 0.4760 0.3533 0.3533 0.3619 0.3865 0.3224 0.3492 0.3288 0.3090 0.3456 0.3189
(d:3,c:1) 0.3677 0.3716 0.3646 0.4295 0.3607 0.3880 0.3357 0.3917 0.3801 0.3853 0.5233 0.5474 0.5428 0.5991 0.5154 0.5563 0.5138 0.5261 0.5502 0.5359
(d:4,c:0) 0.4319 0.3370 0.4316 0.4109 0.4943 0.4172 0.4415 0.4594 0.4276 0.4806 0.2989 0.2757 0.3048 0.2669 0.3574 0.2807 0.3135 0.2986 0.2933 0.3155
(d:4,c:1) 0.3472 0.3043 0.3521 0.3373 0.4438 0.3523 0.3670 0.4182 0.3607 0.4294 0.4760 0.4701 0.4923 0.4710 0.5768 0.4897 0.5129 0.5289 0.5036 0.5481
(d:5,c:0) 0.4829 0.3921 0.4496 0.4714 0.4658 0.4861 0.4541 0.4648 0.4675 0.4798 0.3595 0.3363 0.3349 0.3402 0.3400 0.3655 0.3352 0.3159 0.3453 0.3315
(d:5,c:1) 0.3705 0.3411 0.3368 0.3737 0.3694 0.3983 0.3447 0.3864 0.3716 0.3884 0.5256 0.5220 0.5059 0.5388 0.5308 0.5698 0.5161 0.5287 0.5443 0.5450
(d:6,c:0) 0.3943 0.3248 0.3988 0.3650 0.3986 0.3720 0.4408 0.3731 0.3763 0.3933 0.2159 0.2005 0.2180 0.1860 0.2150 0.1962 0.2415 0.1871 0.1999 0.1976
(d:6,c:1) 0.3030 0.2825 0.3122 0.2820 0.3226 0.2957 0.3628 0.3073 0.2971 0.3185 0.3296 0.3301 0.3390 0.3228 0.3504 0.3357 0.3739 0.3384 0.3384 0.3490
(d:7,c:0) 0.3479 0.2830 0.3384 0.3351 0.3592 0.3344 0.3336 0.3965 0.3391 0.3730 0.3141 0.3073 0.3061 0.2926 0.3373 0.3027 0.2994 0.3907 0.3070 0.3392
(d:7,c:1) 0.2104 0.2040 0.2048 0.2104 0.2379 0.2155 0.2018 0.2921 0.2167 0.2546 0.4173 0.4292 0.4162 0.4234 0.4647 0.4352 0.4172 0.5425 0.4383 0.4863
(d:8,c:0) 0.4010 0.3802 0.4127 0.4039 0.4116 0.4086 0.3907 0.4178 0.4336 0.4225 0.2219 0.2305 0.2313 0.2125 0.2262 0.2188 0.2166 0.2116 0.2339 0.2159
(d:8,c:1) 0.3259 0.3669 0.3450 0.3438 0.3554 0.3560 0.3201 0.3789 0.3828 0.3712 0.3639 0.3950 0.3834 0.3833 0.3936 0.3922 0.3738 0.3980 0.4093 0.4017
(d:9,c:0) 0.3265 0.2696 0.3244 0.3215 0.3589 0.3232 0.3288 0.3553 0.3311 0.3716 0.2949 0.2969 0.3016 0.2881 0.3595 0.3017 0.3165 0.3299 0.3137 0.3563
(d:9,c:1) 0.1868 0.1860 0.1887 0.1941 0.2338 0.2011 0.1951 0.2436 0.2058 0.2486 0.3761 0.3956 0.3896 0.3956 0.4626 0.4105 0.4122 0.4517 0.4214 0.4771

StR-rec Reconstruction Similarities:
--------------------------------
Average similarity: 0.3133

Per-combination similarities:
Digit 0, Color 0: 0.4069
Digit 0, Color 1: 0.1679
Digit 1, Color 0: 0.4643
Digit 1, Color 1: 0.2168
Digit 2, Color 0: 0.4443
Digit 2, Color 1: 0.2245
Digit 3, Color 0: 0.3954
Digit 3, Color 1: 0.2181
Digit 4, Color 0: 0.4273
Digit 4, Color 1: 0.2015
Digit 5, Color 0: 0.2045
Digit 5, Color 1: 0.3478
Digit 6, Color 0: 0.2258
Digit 6, Color 1: 0.4247
Digit 7, Color 0: 0.2134
Digit 7, Color 1: 0.4388
Digit 8, Color 0: 0.2003
Digit 8, Color 1: 0.4222
Digit 9, Color 0: 0.2113
Digit 9, Color 1: 0.4098
