Colored MNIST Experiment Results
==============================

Supervised Decoder:
------------------
Training:
Digit accuracy: 0.7831
Color accuracy: 1.0000
Full accuracy: 0.7831

Testing:
Digit accuracy: 0.6529
Color accuracy: 1.0000
Full accuracy: 0.6529

RtS Classification:
------------------
Training:
Digit accuracy: 0.6956
Color accuracy: 1.0000
Full accuracy: 0.6956

Testing:
Digit accuracy: 0.5188
Color accuracy: 1.0000
Full accuracy: 0.5188

StR-rep Cosine Similarities:
---------------------------
Average diagonal (matching pairs): 0.3330
Average off-diagonal (non-matching pairs): 0.3336

Full association matrix:
(d:0,c:0) 0.6099 0.4738 0.5350 0.5372 0.5003 0.5544 0.5373 0.5026 0.5286 0.5050 0.4796 0.3170 0.3876 0.3879 0.3551 0.4049 0.3980 0.3643 0.3731 0.3526
(d:0,c:1) 0.4424 0.3345 0.3710 0.3853 0.3420 0.4015 0.3584 0.3478 0.3831 0.3519 0.6228 0.4893 0.5458 0.5589 0.5156 0.5744 0.5392 0.5281 0.5524 0.5207
(d:1,c:0) 0.3834 0.4949 0.4283 0.4216 0.3809 0.4143 0.4036 0.3951 0.4288 0.3923 0.2586 0.3942 0.3170 0.3113 0.2638 0.2910 0.2931 0.2888 0.3046 0.2722
(d:1,c:1) 0.2434 0.3707 0.2882 0.2913 0.2467 0.2838 0.2527 0.2631 0.3032 0.2619 0.3686 0.5193 0.4351 0.4398 0.3855 0.4193 0.3988 0.4122 0.4397 0.3994
(d:2,c:0) 0.3901 0.3887 0.4368 0.3932 0.3717 0.3850 0.4012 0.3681 0.4007 0.3662 0.2760 0.2777 0.3461 0.2917 0.2721 0.2699 0.3059 0.2716 0.2842 0.2548
(d:2,c:1) 0.2623 0.2794 0.3086 0.2755 0.2498 0.2672 0.2638 0.2489 0.2872 0.2483 0.3738 0.3941 0.4507 0.4076 0.3808 0.3858 0.3999 0.3829 0.4061 0.3696
(d:3,c:0) 0.4465 0.4468 0.4566 0.4977 0.4130 0.4680 0.4276 0.4194 0.4630 0.4230 0.3116 0.3120 0.3306 0.3755 0.2864 0.3344 0.3054 0.3010 0.3238 0.2896
(d:3,c:1) 0.3023 0.3233 0.3137 0.3628 0.2760 0.3339 0.2741 0.2850 0.3345 0.2899 0.4201 0.4414 0.4489 0.5023 0.4080 0.4619 0.4114 0.4248 0.4592 0.4171
(d:4,c:0) 0.4705 0.4446 0.4826 0.4670 0.5357 0.4799 0.4985 0.4857 0.4881 0.5117 0.3334 0.2950 0.3484 0.3174 0.4010 0.3309 0.3697 0.3556 0.3381 0.3676
(d:4,c:1) 0.3186 0.3170 0.3326 0.3285 0.3896 0.3406 0.3345 0.3437 0.3550 0.3710 0.4699 0.4563 0.4970 0.4784 0.5505 0.4905 0.5024 0.5090 0.5062 0.5245
(d:5,c:0) 0.2931 0.2755 0.2811 0.2965 0.2738 0.3090 0.2794 0.2730 0.2954 0.2814 0.2079 0.1948 0.2039 0.2177 0.1947 0.2240 0.2039 0.1982 0.2095 0.1967
(d:5,c:1) 0.2058 0.2022 0.1951 0.2169 0.1906 0.2289 0.1855 0.1918 0.2191 0.2010 0.2871 0.2881 0.2902 0.3107 0.2820 0.3163 0.2812 0.2874 0.3069 0.2881
(d:6,c:0) 0.3662 0.3474 0.3785 0.3518 0.3629 0.3636 0.4254 0.3341 0.3642 0.3582 0.1827 0.1662 0.1896 0.1720 0.1796 0.1776 0.2185 0.1682 0.1752 0.1730
(d:6,c:1) 0.2797 0.2774 0.2941 0.2743 0.2812 0.2863 0.3334 0.2532 0.2915 0.2798 0.2961 0.2964 0.3124 0.3025 0.3030 0.3076 0.3314 0.2933 0.3114 0.3012
(d:7,c:0) 0.3943 0.3905 0.3919 0.4008 0.4234 0.4092 0.3885 0.4968 0.4096 0.4441 0.1957 0.1848 0.1976 0.1950 0.2069 0.1966 0.1983 0.2446 0.1962 0.2140
(d:7,c:1) 0.2892 0.3048 0.2883 0.3067 0.3247 0.3150 0.2735 0.4035 0.3206 0.3503 0.3183 0.3269 0.3303 0.3375 0.3414 0.3381 0.3183 0.3830 0.3448 0.3543
(d:8,c:0) 0.2048 0.2098 0.2132 0.2105 0.1940 0.2136 0.2017 0.1970 0.2208 0.1981 0.1677 0.1828 0.1906 0.1856 0.1673 0.1823 0.1730 0.1724 0.1926 0.1666
(d:8,c:1) 0.1298 0.1454 0.1388 0.1412 0.1226 0.1440 0.1216 0.1270 0.1537 0.1287 0.2234 0.2487 0.2508 0.2515 0.2293 0.2478 0.2270 0.2357 0.2615 0.2318
(d:9,c:0) 0.3601 0.3603 0.3673 0.3701 0.3952 0.3777 0.3763 0.3916 0.3813 0.4057 0.3131 0.3086 0.3233 0.3215 0.3830 0.3346 0.3454 0.3833 0.3391 0.3967
(d:9,c:1) 0.2159 0.2359 0.2243 0.2363 0.2543 0.2429 0.2214 0.2537 0.2515 0.2682 0.4093 0.4251 0.4290 0.4372 0.4861 0.4485 0.4367 0.4891 0.4598 0.5047

StR-rec Reconstruction Similarities:
--------------------------------
Average similarity: 0.3126

Per-combination similarities:
Digit 0, Color 0: 0.4065
Digit 0, Color 1: 0.1786
Digit 1, Color 0: 0.4541
Digit 1, Color 1: 0.2168
Digit 2, Color 0: 0.4337
Digit 2, Color 1: 0.2224
Digit 3, Color 0: 0.4039
Digit 3, Color 1: 0.2219
Digit 4, Color 0: 0.4269
Digit 4, Color 1: 0.2058
Digit 5, Color 0: 0.2058
Digit 5, Color 1: 0.3223
Digit 6, Color 0: 0.2313
Digit 6, Color 1: 0.4290
Digit 7, Color 0: 0.2181
Digit 7, Color 1: 0.4388
Digit 8, Color 0: 0.1943
Digit 8, Color 1: 0.4218
Digit 9, Color 0: 0.2130
Digit 9, Color 1: 0.4082
