Colored MNIST Experiment Results
==============================

Supervised Decoder:
------------------
Training:
Digit accuracy: 0.6684
Color accuracy: 0.9461
Full accuracy: 0.6389

Testing:
Digit accuracy: 0.5420
Color accuracy: 0.9300
Full accuracy: 0.5091

RtS Classification:
------------------
Training:
Digit accuracy: 0.5244
Color accuracy: 0.7084
Full accuracy: 0.3851

Testing:
Digit accuracy: 0.4060
Color accuracy: 0.6651
Full accuracy: 0.2646

StR-rep Cosine Similarities:
---------------------------
Average diagonal (matching pairs): 0.3935
Average off-diagonal (non-matching pairs): 0.3873

Full association matrix:
(d:0,c:0) 0.5052 0.3783 0.5260 0.5016 0.4440 0.4846 0.5325 0.4000 0.4662 0.4532 0.4455 0.4869 0.3609 0.4635 0.3538 0.4166 0.4141 0.3765 0.3708 0.3959
(d:0,c:1) 0.3956 0.2550 0.3737 0.3476 0.3006 0.3553 0.2541 0.3892 0.3558 0.3152 0.4414 0.3310 0.3575 0.3297 0.3876 0.3852 0.3365 0.5021 0.4315 0.4524
(d:1,c:0) 0.4235 0.4187 0.5036 0.4782 0.4062 0.4352 0.4978 0.3478 0.4349 0.4142 0.3543 0.5398 0.3197 0.4485 0.3040 0.3722 0.3597 0.3219 0.3376 0.3526
(d:1,c:1) 0.3635 0.3159 0.3923 0.3633 0.2999 0.3484 0.2592 0.3766 0.3633 0.3143 0.3995 0.4103 0.3514 0.3502 0.3746 0.3800 0.3212 0.4895 0.4348 0.4489
(d:2,c:0) 0.4563 0.4111 0.5401 0.4944 0.4320 0.4552 0.5237 0.3763 0.4608 0.4330 0.3988 0.5117 0.3656 0.4610 0.3454 0.3972 0.3939 0.3661 0.3721 0.3823
(d:2,c:1) 0.3646 0.2869 0.3930 0.3497 0.2982 0.3396 0.2562 0.3761 0.3586 0.3063 0.4107 0.3583 0.3662 0.3350 0.3856 0.3758 0.3267 0.4982 0.4373 0.4467
(d:3,c:0) 0.4446 0.3933 0.5019 0.4983 0.4113 0.4564 0.4997 0.3525 0.4445 0.4231 0.3798 0.5130 0.3316 0.4800 0.3172 0.3983 0.3654 0.3354 0.3529 0.3589
(d:3,c:1) 0.3792 0.2927 0.3886 0.3782 0.3026 0.3642 0.2598 0.3780 0.3692 0.3201 0.4183 0.3854 0.3590 0.3747 0.3831 0.3994 0.3241 0.4972 0.4446 0.4510
(d:4,c:0) 0.4614 0.3842 0.5233 0.4738 0.4819 0.4673 0.5418 0.4033 0.4672 0.4805 0.4135 0.5042 0.3455 0.4509 0.3996 0.4169 0.4431 0.3769 0.3733 0.4233
(d:4,c:1) 0.3672 0.2625 0.3763 0.3299 0.3340 0.3466 0.2614 0.3996 0.3618 0.3405 0.4251 0.3485 0.3527 0.3240 0.4322 0.3927 0.3647 0.5149 0.4434 0.4842
(d:5,c:0) 0.4651 0.3881 0.5056 0.5010 0.4359 0.4775 0.5123 0.3794 0.4579 0.4472 0.4066 0.5127 0.3356 0.4794 0.3434 0.4237 0.3873 0.3483 0.3720 0.3874
(d:5,c:1) 0.3768 0.2726 0.3710 0.3600 0.3056 0.3622 0.2511 0.3836 0.3613 0.3221 0.4224 0.3643 0.3472 0.3545 0.3892 0.4022 0.3260 0.4904 0.4430 0.4567
(d:6,c:0) 0.3240 0.3112 0.3995 0.3811 0.3350 0.3367 0.4957 0.2046 0.3240 0.3350 0.2153 0.4037 0.1807 0.3397 0.1614 0.2337 0.2731 0.1075 0.1573 0.1751
(d:6,c:1) 0.4257 0.3574 0.4772 0.4445 0.3819 0.4124 0.4501 0.3624 0.4139 0.3909 0.3967 0.4675 0.3296 0.4050 0.3478 0.3794 0.3736 0.3961 0.3801 0.4049
(d:7,c:0) 0.4391 0.3641 0.4894 0.4579 0.4028 0.4271 0.4597 0.3802 0.4286 0.4095 0.4222 0.4881 0.3541 0.4356 0.3574 0.3962 0.3902 0.4315 0.3873 0.4154
(d:7,c:1) 0.3154 0.2239 0.3167 0.2877 0.2466 0.2849 0.1830 0.3414 0.2992 0.2581 0.3865 0.3045 0.3216 0.2825 0.3561 0.3375 0.2910 0.4962 0.4051 0.4263
(d:8,c:0) 0.4658 0.4310 0.5329 0.5076 0.4455 0.4775 0.5208 0.3929 0.4823 0.4542 0.3935 0.5200 0.3410 0.4544 0.3396 0.3951 0.3841 0.3602 0.3678 0.3888
(d:8,c:1) 0.3733 0.3036 0.3885 0.3612 0.3098 0.3583 0.2546 0.3904 0.3768 0.3241 0.4078 0.3660 0.3479 0.3308 0.3822 0.3753 0.3200 0.4952 0.4353 0.4533
(d:9,c:0) 0.4528 0.3876 0.4979 0.4784 0.4317 0.4553 0.4813 0.3921 0.4524 0.4445 0.4185 0.5195 0.3464 0.4513 0.3850 0.4175 0.4129 0.4085 0.3981 0.4480
(d:9,c:1) 0.3278 0.2416 0.3245 0.3038 0.2683 0.3068 0.1960 0.3547 0.3186 0.2844 0.3894 0.3284 0.3207 0.2953 0.3816 0.3571 0.3101 0.4890 0.4198 0.4567

StR-rec Reconstruction Similarities:
--------------------------------
Average similarity: 0.3121

Per-combination similarities:
Digit 0, Color 0: 0.4001
Digit 0, Color 1: 0.1709
Digit 1, Color 0: 0.4702
Digit 1, Color 1: 0.2190
Digit 2, Color 0: 0.4464
Digit 2, Color 1: 0.2228
Digit 3, Color 0: 0.3967
Digit 3, Color 1: 0.2190
Digit 4, Color 0: 0.4209
Digit 4, Color 1: 0.2020
Digit 5, Color 0: 0.2058
Digit 5, Color 1: 0.3333
Digit 6, Color 0: 0.2249
Digit 6, Color 1: 0.4294
Digit 7, Color 0: 0.2156
Digit 7, Color 1: 0.4337
Digit 8, Color 0: 0.1986
Digit 8, Color 1: 0.4201
Digit 9, Color 0: 0.2134
Digit 9, Color 1: 0.3997
