Colored MNIST Experiment Results
==============================

Supervised Decoder:
------------------
Training:
Digit accuracy: 0.8143
Color accuracy: 1.0000
Full accuracy: 0.8143

Testing:
Digit accuracy: 0.6926
Color accuracy: 1.0000
Full accuracy: 0.6926

RtS Classification:
------------------
Training:
Digit accuracy: 0.7513
Color accuracy: 0.8464
Full accuracy: 0.6222

Testing:
Digit accuracy: 0.6201
Color accuracy: 0.9144
Full accuracy: 0.5590

StR-rep Cosine Similarities:
---------------------------
Average diagonal (matching pairs): 0.2063
Average off-diagonal (non-matching pairs): 0.2040

Full association matrix:
(d:0,c:0) 0.2749 0.2082 0.2298 0.2532 0.1945 0.2315 0.2303 0.2681 0.2155 0.1925 0.2618 0.1459 0.2199 0.2439 0.1864 0.2223 0.2360 0.2424 0.2101 0.2013
(d:0,c:1) 0.1815 0.1292 0.1429 0.1657 0.1084 0.1410 0.1422 0.1836 0.1283 0.1053 0.2310 0.1236 0.1949 0.2181 0.1610 0.1954 0.2101 0.2172 0.1859 0.1759
(d:1,c:0) 0.2740 0.3131 0.2789 0.2978 0.2366 0.2667 0.2695 0.3088 0.2673 0.2400 0.2635 0.2398 0.2611 0.2810 0.2222 0.2556 0.2667 0.2777 0.2533 0.2401
(d:1,c:1) 0.1666 0.1856 0.1613 0.1815 0.1219 0.1497 0.1540 0.1978 0.1482 0.1220 0.2302 0.1832 0.2206 0.2414 0.1825 0.2155 0.2291 0.2394 0.2129 0.1996
(d:2,c:0) 0.2553 0.2308 0.2552 0.2599 0.2089 0.2293 0.2434 0.2773 0.2262 0.2025 0.2467 0.1652 0.2417 0.2483 0.1982 0.2217 0.2466 0.2490 0.2181 0.2074
(d:2,c:1) 0.1665 0.1438 0.1592 0.1691 0.1170 0.1381 0.1500 0.1890 0.1344 0.1108 0.2207 0.1371 0.2104 0.2215 0.1693 0.1952 0.2178 0.2222 0.1917 0.1802
(d:3,c:0) 0.2530 0.2256 0.2336 0.2718 0.1955 0.2337 0.2264 0.2692 0.2216 0.1973 0.2438 0.1576 0.2191 0.2544 0.1850 0.2220 0.2300 0.2415 0.2124 0.2012
(d:3,c:1) 0.1665 0.1417 0.1459 0.1792 0.1094 0.1429 0.1398 0.1849 0.1329 0.1090 0.2188 0.1321 0.1948 0.2260 0.1604 0.1956 0.2064 0.2171 0.1879 0.1762
(d:4,c:0) 0.2700 0.2405 0.2563 0.2713 0.2503 0.2508 0.2629 0.3049 0.2461 0.2393 0.2617 0.1738 0.2438 0.2604 0.2338 0.2423 0.2645 0.2744 0.2360 0.2407
(d:4,c:1) 0.1707 0.1446 0.1536 0.1709 0.1389 0.1467 0.1571 0.2019 0.1418 0.1297 0.2293 0.1411 0.2098 0.2281 0.1916 0.2075 0.2282 0.2377 0.2022 0.2011
(d:5,c:0) 0.2643 0.2307 0.2375 0.2683 0.2119 0.2486 0.2396 0.2812 0.2325 0.2120 0.2551 0.1630 0.2259 0.2550 0.1995 0.2374 0.2433 0.2530 0.2228 0.2157
(d:5,c:1) 0.1721 0.1431 0.1462 0.1743 0.1184 0.1509 0.1467 0.1911 0.1381 0.1167 0.2264 0.1354 0.1993 0.2261 0.1700 0.2060 0.2154 0.2248 0.1948 0.1859
(d:6,c:0) 0.2589 0.2281 0.2424 0.2556 0.2109 0.2327 0.2582 0.2724 0.2241 0.2056 0.2516 0.1585 0.2293 0.2443 0.1996 0.2245 0.2583 0.2452 0.2161 0.2115
(d:6,c:1) 0.1687 0.1416 0.1500 0.1658 0.1182 0.1402 0.1600 0.1852 0.1327 0.1128 0.2237 0.1322 0.2013 0.2183 0.1700 0.1968 0.2255 0.2191 0.1899 0.1828
(d:7,c:0) 0.2401 0.2093 0.2187 0.2418 0.1975 0.2165 0.2169 0.2837 0.2086 0.1989 0.2343 0.1458 0.2107 0.2337 0.1863 0.2107 0.2246 0.2512 0.2029 0.2029
(d:7,c:1) 0.1594 0.1321 0.1373 0.1601 0.1129 0.1329 0.1352 0.1971 0.1258 0.1122 0.2124 0.1242 0.1893 0.2117 0.1617 0.1881 0.2029 0.2243 0.1816 0.1778
(d:8,c:0) 0.2594 0.2361 0.2428 0.2630 0.2117 0.2400 0.2372 0.2794 0.2381 0.2119 0.2890 0.2190 0.2724 0.2945 0.2423 0.2753 0.2781 0.2942 0.2779 0.2604
(d:8,c:1) 0.1611 0.1393 0.1421 0.1629 0.1103 0.1369 0.1373 0.1824 0.1339 0.1085 0.2472 0.1707 0.2285 0.2506 0.1965 0.2291 0.2368 0.2505 0.2297 0.2137
(d:9,c:0) 0.2287 0.2070 0.2128 0.2323 0.1978 0.2112 0.2164 0.2613 0.2053 0.1983 0.2275 0.1496 0.2063 0.2272 0.1917 0.2095 0.2245 0.2400 0.2027 0.2075
(d:9,c:1) 0.1532 0.1320 0.1346 0.1552 0.1141 0.1305 0.1363 0.1837 0.1247 0.1127 0.2115 0.1291 0.1896 0.2111 0.1685 0.1907 0.2066 0.2204 0.1848 0.1844

StR-rec Reconstruction Similarities:
--------------------------------
Average similarity: 0.3133

Per-combination similarities:
Digit 0, Color 0: 0.4022
Digit 0, Color 1: 0.1611
Digit 1, Color 0: 0.4541
Digit 1, Color 1: 0.2134
Digit 2, Color 0: 0.4388
Digit 2, Color 1: 0.2173
Digit 3, Color 0: 0.4014
Digit 3, Color 1: 0.2177
Digit 4, Color 0: 0.4260
Digit 4, Color 1: 0.1994
Digit 5, Color 0: 0.2079
Digit 5, Color 1: 0.3537
Digit 6, Color 0: 0.2287
Digit 6, Color 1: 0.4362
Digit 7, Color 0: 0.2185
Digit 7, Color 1: 0.4422
Digit 8, Color 0: 0.1969
Digit 8, Color 1: 0.4260
Digit 9, Color 0: 0.2134
Digit 9, Color 1: 0.4116
