Colored MNIST Experiment Results
==============================

Supervised Decoder:
------------------
Training:
Digit accuracy: 0.7751
Color accuracy: 1.0000
Full accuracy: 0.7751

Testing:
Digit accuracy: 0.6618
Color accuracy: 1.0000
Full accuracy: 0.6618

RtS Classification:
------------------
Training:
Digit accuracy: 0.7214
Color accuracy: 1.0000
Full accuracy: 0.7214

Testing:
Digit accuracy: 0.5523
Color accuracy: 1.0000
Full accuracy: 0.5523

StR-rep Cosine Similarities:
---------------------------
Average diagonal (matching pairs): 0.3936
Average off-diagonal (non-matching pairs): 0.3875

Full association matrix:
(d:0,c:0) 0.5615 0.4573 0.4960 0.5012 0.4627 0.5146 0.4903 0.4749 0.4960 0.4681 0.4134 0.3039 0.3594 0.3478 0.3088 0.3558 0.3586 0.3067 0.3423 0.3103
(d:0,c:1) 0.4100 0.2982 0.3328 0.3418 0.3335 0.3629 0.3408 0.3567 0.3349 0.3391 0.5526 0.4388 0.4874 0.4852 0.4738 0.5045 0.4934 0.4829 0.4882 0.4817
(d:1,c:0) 0.2972 0.4366 0.3483 0.3507 0.3175 0.3270 0.3074 0.3329 0.3576 0.3362 0.1877 0.3260 0.2467 0.2329 0.2065 0.2080 0.2322 0.2166 0.2318 0.2150
(d:1,c:1) 0.1901 0.3313 0.2358 0.2410 0.2289 0.2216 0.2033 0.2528 0.2469 0.2485 0.2897 0.4324 0.3439 0.3366 0.3297 0.3188 0.3338 0.3485 0.3416 0.3433
(d:2,c:0) 0.4838 0.5065 0.5500 0.5028 0.4811 0.4780 0.4978 0.4732 0.5085 0.4785 0.3476 0.3710 0.4269 0.3582 0.3334 0.3305 0.3850 0.3105 0.3583 0.3204
(d:2,c:1) 0.3431 0.3617 0.4025 0.3565 0.3653 0.3378 0.3615 0.3680 0.3608 0.3626 0.5000 0.5229 0.5734 0.5109 0.5137 0.4930 0.5362 0.5011 0.5198 0.5066
(d:3,c:0) 0.5541 0.5812 0.5705 0.6329 0.5333 0.5871 0.5308 0.5398 0.5889 0.5501 0.3926 0.4202 0.4174 0.4672 0.3571 0.4177 0.3879 0.3520 0.4166 0.3652
(d:3,c:1) 0.3803 0.4019 0.3855 0.4531 0.3865 0.4146 0.3605 0.4051 0.4065 0.4037 0.5451 0.5713 0.5592 0.6208 0.5405 0.5829 0.5369 0.5480 0.5789 0.5561
(d:4,c:0) 0.4803 0.4814 0.5061 0.4956 0.5742 0.5059 0.5183 0.5227 0.5237 0.5542 0.3236 0.3263 0.3504 0.3235 0.3842 0.3330 0.3697 0.3281 0.3504 0.3586
(d:4,c:1) 0.3202 0.3160 0.3360 0.3291 0.4400 0.3469 0.3623 0.3987 0.3558 0.4199 0.4589 0.4598 0.4758 0.4585 0.5486 0.4793 0.5023 0.5033 0.4944 0.5292
(d:5,c:0) 0.5257 0.5210 0.5062 0.5474 0.5123 0.5674 0.5064 0.5104 0.5486 0.5276 0.3759 0.3673 0.3608 0.3873 0.3455 0.4057 0.3681 0.3335 0.3868 0.3567
(d:5,c:1) 0.3589 0.3487 0.3285 0.3739 0.3707 0.4016 0.3432 0.3800 0.3734 0.3863 0.5129 0.5025 0.4874 0.5242 0.5116 0.5542 0.5019 0.5112 0.5326 0.5295
(d:6,c:0) 0.4192 0.4081 0.4335 0.4072 0.4259 0.4180 0.4816 0.3929 0.4242 0.4189 0.2219 0.2181 0.2364 0.2149 0.2151 0.2183 0.2625 0.1923 0.2241 0.2101
(d:6,c:1) 0.3079 0.2917 0.3146 0.2898 0.3352 0.3073 0.3768 0.3092 0.3064 0.3279 0.3423 0.3368 0.3493 0.3347 0.3584 0.3475 0.3826 0.3436 0.3515 0.3584
(d:7,c:0) 0.3580 0.3688 0.3644 0.3702 0.3758 0.3703 0.3522 0.4203 0.3786 0.3911 0.3226 0.3241 0.3234 0.3242 0.3402 0.3277 0.3173 0.4104 0.3356 0.3608
(d:7,c:1) 0.1992 0.2049 0.1966 0.2051 0.2367 0.2114 0.1967 0.2876 0.2117 0.2512 0.4138 0.4138 0.4062 0.4152 0.4542 0.4279 0.4062 0.5300 0.4332 0.4791
(d:8,c:0) 0.4205 0.4750 0.4482 0.4513 0.4353 0.4526 0.4088 0.4394 0.4868 0.4473 0.2207 0.2510 0.2440 0.2374 0.2221 0.2341 0.2308 0.2172 0.2536 0.2266
(d:8,c:1) 0.3255 0.3823 0.3473 0.3542 0.3647 0.3625 0.3155 0.3791 0.3930 0.3784 0.3690 0.4016 0.3861 0.3876 0.3964 0.3941 0.3775 0.4012 0.4138 0.4074
(d:9,c:0) 0.3703 0.3874 0.3865 0.3879 0.4106 0.3883 0.3898 0.4074 0.4049 0.4204 0.3334 0.3390 0.3466 0.3427 0.3974 0.3563 0.3723 0.3759 0.3699 0.4126
(d:9,c:1) 0.1933 0.2041 0.1991 0.2035 0.2496 0.2099 0.2136 0.2556 0.2173 0.2584 0.4053 0.4088 0.4087 0.4134 0.4858 0.4348 0.4374 0.4761 0.4448 0.5047

StR-rec Reconstruction Similarities:
--------------------------------
Average similarity: 0.3132

Per-combination similarities:
Digit 0, Color 0: 0.4099
Digit 0, Color 1: 0.1624
Digit 1, Color 0: 0.4673
Digit 1, Color 1: 0.2173
Digit 2, Color 0: 0.4332
Digit 2, Color 1: 0.2266
Digit 3, Color 0: 0.3984
Digit 3, Color 1: 0.2156
Digit 4, Color 0: 0.4209
Digit 4, Color 1: 0.2020
Digit 5, Color 0: 0.2037
Digit 5, Color 1: 0.3435
Digit 6, Color 0: 0.2270
Digit 6, Color 1: 0.4320
Digit 7, Color 0: 0.2207
Digit 7, Color 1: 0.4336
Digit 8, Color 0: 0.1977
Digit 8, Color 1: 0.4324
Digit 9, Color 0: 0.2134
Digit 9, Color 1: 0.4073
