Colored MNIST Experiment Results
==============================

Supervised Decoder:
------------------
Training:
Digit accuracy: 0.6454
Color accuracy: 0.9920
Full accuracy: 0.6419

Testing:
Digit accuracy: 0.5054
Color accuracy: 0.9936
Full accuracy: 0.5024

RtS Classification:
------------------
Training:
Digit accuracy: 0.5184
Color accuracy: 0.7850
Full accuracy: 0.4068

Testing:
Digit accuracy: 0.3911
Color accuracy: 0.8080
Full accuracy: 0.3012

StR-rep Cosine Similarities:
---------------------------
Average diagonal (matching pairs): 0.3913
Average off-diagonal (non-matching pairs): 0.3881

Full association matrix:
(d:0,c:0) 0.4459 0.2357 0.4702 0.3480 0.4787 0.4719 0.3837 0.4443 0.4672 0.4127 0.2756 0.1537 0.3075 0.3307 0.4400 0.4205 0.3389 0.2179 0.3862 0.3719
(d:0,c:1) 0.4523 0.2422 0.4280 0.3321 0.4709 0.4966 0.3938 0.4400 0.4600 0.4282 0.3710 0.1817 0.3624 0.4193 0.5040 0.5211 0.4194 0.2902 0.4563 0.4412
(d:1,c:0) 0.5131 0.4714 0.5716 0.4578 0.5625 0.5603 0.4707 0.5796 0.6012 0.5313 0.1989 0.3306 0.3024 0.3410 0.4013 0.4012 0.2741 0.2418 0.4250 0.3839
(d:1,c:1) 0.5251 0.5127 0.5130 0.4433 0.5543 0.6036 0.4927 0.5853 0.6019 0.5659 0.3310 0.3981 0.3816 0.4744 0.4872 0.5473 0.3838 0.3540 0.5331 0.4870
(d:2,c:0) 0.4186 0.2354 0.4866 0.3441 0.4727 0.4442 0.3789 0.4286 0.4579 0.3991 0.2244 0.1538 0.3113 0.3115 0.4329 0.3803 0.3205 0.2053 0.3653 0.3642
(d:2,c:1) 0.4265 0.2444 0.4519 0.3316 0.4694 0.4706 0.3926 0.4273 0.4548 0.4174 0.3162 0.1834 0.3697 0.4008 0.5004 0.4801 0.4021 0.2780 0.4368 0.4363
(d:3,c:0) 0.4319 0.2424 0.4736 0.3752 0.4766 0.4686 0.3769 0.4362 0.4782 0.4128 0.2270 0.1658 0.3145 0.3417 0.4240 0.3945 0.3055 0.2124 0.3895 0.3667
(d:3,c:1) 0.4392 0.2510 0.4338 0.3640 0.4710 0.4959 0.3885 0.4333 0.4747 0.4308 0.3197 0.1964 0.3726 0.4346 0.4894 0.4958 0.3852 0.2862 0.4631 0.4385
(d:4,c:0) 0.4075 0.2209 0.4565 0.3244 0.4814 0.4403 0.3684 0.4244 0.4462 0.4036 0.2110 0.1322 0.2738 0.2883 0.4378 0.3697 0.3078 0.2013 0.3551 0.3684
(d:4,c:1) 0.4137 0.2277 0.4204 0.3104 0.4791 0.4646 0.3800 0.4226 0.4418 0.4212 0.2958 0.1576 0.3245 0.3697 0.5018 0.4624 0.3831 0.2692 0.4210 0.4366
(d:5,c:0) 0.4232 0.2339 0.4550 0.3412 0.4762 0.4685 0.3703 0.4382 0.4621 0.4120 0.2321 0.1486 0.2882 0.3180 0.4320 0.4046 0.3149 0.2070 0.3771 0.3699
(d:5,c:1) 0.4258 0.2393 0.4115 0.3241 0.4670 0.4906 0.3776 0.4321 0.4533 0.4257 0.3191 0.1747 0.3384 0.4013 0.4917 0.4990 0.3893 0.2752 0.4428 0.4356
(d:6,c:0) 0.4502 0.2657 0.5022 0.3680 0.5199 0.4824 0.4308 0.4633 0.4836 0.4455 0.2106 0.1408 0.2794 0.2917 0.4419 0.3699 0.3132 0.2185 0.3618 0.3814
(d:6,c:1) 0.4589 0.2767 0.4644 0.3553 0.5184 0.5109 0.4481 0.4627 0.4799 0.4668 0.3025 0.1688 0.3339 0.3797 0.5096 0.4693 0.3945 0.2939 0.4327 0.4554
(d:7,c:0) 0.4210 0.3067 0.4163 0.3492 0.4920 0.5040 0.4162 0.4947 0.4762 0.4832 0.3333 0.2053 0.3360 0.4298 0.5152 0.5045 0.3948 0.4051 0.4710 0.4933
(d:7,c:1) 0.3474 0.2671 0.2808 0.2652 0.3930 0.4449 0.3556 0.4043 0.3804 0.4218 0.3954 0.2082 0.3443 0.4710 0.5075 0.5446 0.4272 0.4427 0.4802 0.5023
(d:8,c:0) 0.4247 0.2661 0.4797 0.3627 0.4857 0.4725 0.3779 0.4692 0.4860 0.4276 0.1998 0.1406 0.2611 0.2810 0.3916 0.3586 0.2780 0.1878 0.3447 0.3364
(d:8,c:1) 0.4371 0.2810 0.4493 0.3560 0.4885 0.5059 0.3947 0.4770 0.4907 0.4527 0.2886 0.1693 0.3147 0.3674 0.4565 0.4571 0.3555 0.2587 0.4154 0.4068
(d:9,c:0) 0.3982 0.2210 0.4469 0.3226 0.4681 0.4383 0.3614 0.4200 0.4403 0.3983 0.2203 0.1466 0.2860 0.3072 0.4478 0.3891 0.3194 0.2197 0.3748 0.3951
(d:9,c:1) 0.4009 0.2265 0.4059 0.3060 0.4613 0.4601 0.3701 0.4149 0.4323 0.4131 0.3066 0.1732 0.3373 0.3905 0.5114 0.4834 0.3956 0.2898 0.4421 0.4653

StR-rec Reconstruction Similarities:
--------------------------------
Average similarity: 0.3138

Per-combination similarities:
Digit 0, Color 0: 0.4133
Digit 0, Color 1: 0.1692
Digit 1, Color 0: 0.4622
Digit 1, Color 1: 0.2147
Digit 2, Color 0: 0.4349
Digit 2, Color 1: 0.2249
Digit 3, Color 0: 0.3937
Digit 3, Color 1: 0.2126
Digit 4, Color 0: 0.4298
Digit 4, Color 1: 0.2015
Digit 5, Color 0: 0.2028
Digit 5, Color 1: 0.3401
Digit 6, Color 0: 0.2275
Digit 6, Color 1: 0.4303
Digit 7, Color 0: 0.2194
Digit 7, Color 1: 0.4396
Digit 8, Color 0: 0.2011
Digit 8, Color 1: 0.4371
Digit 9, Color 0: 0.2143
Digit 9, Color 1: 0.4065
