Colored MNIST Experiment Results
==============================

Supervised Decoder:
------------------
Training:
Digit accuracy: 0.7505
Color accuracy: 1.0000
Full accuracy: 0.7505

Testing:
Digit accuracy: 0.7609
Color accuracy: 1.0000
Full accuracy: 0.7609

RtS Classification:
------------------
Training:
Digit accuracy: 0.7282
Color accuracy: 0.9879
Full accuracy: 0.7201

Testing:
Digit accuracy: 0.7366
Color accuracy: 0.9886
Full accuracy: 0.7295

StR-rep Cosine Similarities:
---------------------------
Average diagonal (matching pairs): 0.2063
Average off-diagonal (non-matching pairs): 0.1836

Full association matrix:
(d:0,c:0) 0.2468 0.2154 0.1906 0.1746 0.2182 0.1571 0.2186 0.1962 0.1401 0.1335 0.1940 0.2003 0.1683 0.1319 0.1981 0.1951 0.1844 0.1909 0.1564 0.1527
(d:0,c:1) 0.2082 0.2197 0.1531 0.1803 0.1802 0.1628 0.1801 0.2017 0.1022 0.1393 0.1546 0.2055 0.1300 0.1369 0.1607 0.2011 0.1452 0.1969 0.1182 0.1586
(d:1,c:0) 0.2263 0.1994 0.2182 0.1977 0.2199 0.1593 0.2196 0.1976 0.1400 0.1341 0.1905 0.1973 0.1656 0.1308 0.1998 0.1966 0.1881 0.1936 0.1586 0.1542
(d:1,c:1) 0.1895 0.2058 0.1771 0.2013 0.1812 0.1652 0.1804 0.2034 0.1015 0.1401 0.1510 0.2032 0.1271 0.1362 0.1617 0.2028 0.1480 0.1997 0.1196 0.1603
(d:2,c:0) 0.2420 0.2124 0.2087 0.1896 0.2383 0.1742 0.2278 0.2043 0.1520 0.1436 0.1976 0.2035 0.1800 0.1424 0.2069 0.2032 0.1960 0.2003 0.1656 0.1607
(d:2,c:1) 0.2025 0.2175 0.1677 0.1941 0.1965 0.1783 0.1868 0.2094 0.1113 0.1486 0.1563 0.2088 0.1390 0.1466 0.1670 0.2087 0.1540 0.2056 0.1248 0.1660
(d:3,c:0) 0.2416 0.2117 0.2080 0.1878 0.2266 0.1646 0.2386 0.2127 0.1458 0.1409 0.2034 0.2074 0.1716 0.1360 0.2062 0.2013 0.1965 0.2006 0.1659 0.1608
(d:3,c:1) 0.2024 0.2168 0.1673 0.1924 0.1863 0.1699 0.1965 0.2168 0.1060 0.1462 0.1616 0.2122 0.1317 0.1410 0.1666 0.2070 0.1546 0.2059 0.1252 0.1662
(d:4,c:0) 0.2548 0.2246 0.2166 0.1973 0.2426 0.1794 0.2394 0.2148 0.1849 0.1731 0.2156 0.2202 0.1965 0.1578 0.2312 0.2247 0.2127 0.2157 0.1950 0.1871
(d:4,c:1) 0.2099 0.2287 0.1707 0.2013 0.1963 0.1834 0.1930 0.2190 0.1362 0.1750 0.1681 0.2239 0.1494 0.1605 0.1844 0.2281 0.1645 0.2197 0.1466 0.1897
(d:5,c:0) 0.2456 0.2152 0.2081 0.1884 0.2264 0.1635 0.2325 0.2075 0.1535 0.1449 0.2092 0.2129 0.1765 0.1393 0.2104 0.2054 0.1994 0.2027 0.1722 0.1651
(d:5,c:1) 0.2056 0.2201 0.1670 0.1932 0.1858 0.1691 0.1908 0.2124 0.1125 0.1499 0.1665 0.2173 0.1357 0.1439 0.1700 0.2109 0.1568 0.2080 0.1305 0.1702
(d:6,c:0) 0.2553 0.2237 0.2164 0.1972 0.2420 0.1779 0.2364 0.2125 0.1648 0.1547 0.2118 0.2160 0.2010 0.1616 0.2163 0.2112 0.2061 0.2098 0.1801 0.1725
(d:6,c:1) 0.2119 0.2277 0.1721 0.2011 0.1973 0.1820 0.1919 0.2169 0.1201 0.1587 0.1664 0.2202 0.1550 0.1638 0.1729 0.2162 0.1604 0.2144 0.1351 0.1768
(d:7,c:0) 0.2338 0.2051 0.1993 0.1806 0.2182 0.1567 0.2198 0.1975 0.1490 0.1408 0.1934 0.1996 0.1671 0.1311 0.2177 0.2100 0.1880 0.1938 0.1689 0.1622
(d:7,c:1) 0.1961 0.2107 0.1602 0.1858 0.1795 0.1626 0.1805 0.2030 0.1096 0.1458 0.1535 0.2050 0.1284 0.1363 0.1775 0.2145 0.1478 0.1995 0.1287 0.1671
(d:8,c:0) 0.2401 0.2105 0.2084 0.1888 0.2279 0.1653 0.2285 0.2040 0.1527 0.1436 0.2026 0.2066 0.1750 0.1377 0.2085 0.2034 0.2007 0.2030 0.1698 0.1630
(d:8,c:1) 0.2016 0.2161 0.1682 0.1937 0.1880 0.1708 0.1881 0.2095 0.1125 0.1488 0.1614 0.2119 0.1352 0.1427 0.1691 0.2092 0.1589 0.2083 0.1291 0.1684
(d:9,c:0) 0.2454 0.2165 0.2139 0.1939 0.2314 0.1693 0.2356 0.2122 0.1694 0.1606 0.2103 0.2153 0.1843 0.1477 0.2282 0.2209 0.2056 0.2100 0.1906 0.1830
(d:9,c:1) 0.2035 0.2213 0.1703 0.1980 0.1884 0.1742 0.1916 0.2166 0.1246 0.1639 0.1655 0.2194 0.1407 0.1515 0.1838 0.2246 0.1604 0.2145 0.1448 0.1860

StR-rec Reconstruction Similarities:
--------------------------------
Average similarity: 0.4164

Per-combination similarities:
Digit 0, Color 0: 0.4141
Digit 0, Color 1: 0.4031
Digit 1, Color 0: 0.3401
Digit 1, Color 1: 0.3384
Digit 2, Color 0: 0.4626
Digit 2, Color 1: 0.4541
Digit 3, Color 0: 0.4286
Digit 3, Color 1: 0.4337
Digit 4, Color 0: 0.4422
Digit 4, Color 1: 0.4286
Digit 5, Color 0: 0.4422
Digit 5, Color 1: 0.4354
Digit 6, Color 0: 0.3937
Digit 6, Color 1: 0.3997
Digit 7, Color 0: 0.4388
Digit 7, Color 1: 0.4150
Digit 8, Color 0: 0.4218
Digit 8, Color 1: 0.4277
Digit 9, Color 0: 0.4056
Digit 9, Color 1: 0.4039
