Colored MNIST Experiment Results
==============================

Supervised Decoder:
------------------
Training:
Digit accuracy: 0.7773
Color accuracy: 1.0000
Full accuracy: 0.7773

Testing:
Digit accuracy: 0.6186
Color accuracy: 1.0000
Full accuracy: 0.6186

RtS Classification:
------------------
Training:
Digit accuracy: 0.6642
Color accuracy: 0.7439
Full accuracy: 0.4889

Testing:
Digit accuracy: 0.4981
Color accuracy: 0.7162
Full accuracy: 0.3441

StR-rep Cosine Similarities:
---------------------------
Average diagonal (matching pairs): 0.2123
Average off-diagonal (non-matching pairs): 0.2148

Full association matrix:
(d:0,c:0) 0.2288 0.1478 0.2004 0.2052 0.2153 0.1866 0.1832 0.2180 0.1886 0.1959 0.2127 0.1985 0.1713 0.1744 0.1924 0.1663 0.1968 0.2037 0.1684 0.1726
(d:0,c:1) 0.1714 0.1797 0.2134 0.1975 0.2375 0.1642 0.1755 0.2196 0.2007 0.2081 0.2533 0.1748 0.2380 0.2247 0.2877 0.2263 0.2489 0.2741 0.2562 0.2681
(d:1,c:0) 0.2195 0.1874 0.2146 0.2179 0.2264 0.1937 0.1917 0.2315 0.2038 0.2089 0.1972 0.2340 0.1813 0.1826 0.2006 0.1695 0.2010 0.2143 0.1803 0.1833
(d:1,c:1) 0.1463 0.2153 0.2174 0.1991 0.2374 0.1605 0.1738 0.2216 0.2065 0.2109 0.2243 0.2016 0.2402 0.2243 0.2872 0.2213 0.2429 0.2751 0.2611 0.2717
(d:2,c:0) 0.2253 0.1813 0.2325 0.2242 0.2427 0.1970 0.2033 0.2396 0.2125 0.2191 0.2144 0.2138 0.2028 0.1920 0.2248 0.1806 0.2195 0.2290 0.1953 0.2024
(d:2,c:1) 0.1370 0.1884 0.2139 0.1856 0.2304 0.1477 0.1681 0.2078 0.1949 0.2005 0.2197 0.1614 0.2386 0.2120 0.2840 0.2110 0.2379 0.2634 0.2512 0.2649
(d:3,c:0) 0.2300 0.1805 0.2253 0.2349 0.2414 0.2043 0.1991 0.2412 0.2147 0.2207 0.2155 0.2160 0.1930 0.2023 0.2195 0.1862 0.2125 0.2282 0.1963 0.2005
(d:3,c:1) 0.1444 0.1913 0.2108 0.2002 0.2336 0.1579 0.1671 0.2135 0.2011 0.2061 0.2252 0.1668 0.2335 0.2268 0.2843 0.2210 0.2355 0.2678 0.2573 0.2683
(d:4,c:0) 0.2202 0.1698 0.2210 0.2169 0.2519 0.1930 0.1993 0.2404 0.2090 0.2232 0.2070 0.1970 0.1862 0.1817 0.2310 0.1752 0.2123 0.2270 0.1901 0.2046
(d:4,c:1) 0.1317 0.1748 0.2006 0.1770 0.2371 0.1428 0.1628 0.2068 0.1896 0.2026 0.2100 0.1438 0.2192 0.1993 0.2862 0.2030 0.2280 0.2581 0.2426 0.2634
(d:5,c:0) 0.2389 0.1836 0.2279 0.2352 0.2494 0.2146 0.2068 0.2483 0.2218 0.2296 0.2244 0.2210 0.1969 0.2027 0.2282 0.1961 0.2211 0.2357 0.2029 0.2094
(d:5,c:1) 0.1504 0.1947 0.2129 0.1992 0.2415 0.1667 0.1737 0.2197 0.2077 0.2145 0.2346 0.1701 0.2389 0.2280 0.2954 0.2323 0.2450 0.2768 0.2661 0.2797
(d:6,c:0) 0.2909 0.2196 0.2779 0.2680 0.2904 0.2545 0.2819 0.2783 0.2594 0.2677 0.2061 0.2125 0.1828 0.1792 0.2036 0.1708 0.2173 0.2081 0.1761 0.1825
(d:6,c:1) 0.1879 0.2365 0.2639 0.2281 0.2848 0.2002 0.2465 0.2473 0.2460 0.2533 0.2204 0.1530 0.2355 0.2115 0.2870 0.2162 0.2488 0.2599 0.2544 0.2694
(d:7,c:0) 0.2344 0.1812 0.2251 0.2290 0.2539 0.2071 0.2034 0.2709 0.2174 0.2373 0.1919 0.1940 0.1676 0.1691 0.2020 0.1599 0.1908 0.2181 0.1706 0.1838
(d:7,c:1) 0.1509 0.1957 0.2145 0.1975 0.2509 0.1634 0.1744 0.2480 0.2075 0.2269 0.2050 0.1467 0.2119 0.1969 0.2721 0.1982 0.2177 0.2627 0.2360 0.2567
(d:8,c:0) 0.2235 0.1834 0.2256 0.2249 0.2434 0.2001 0.1992 0.2413 0.2171 0.2214 0.2334 0.2388 0.2181 0.2148 0.2457 0.2079 0.2353 0.2517 0.2266 0.2261
(d:8,c:1) 0.1213 0.1813 0.1950 0.1738 0.2184 0.1391 0.1528 0.1963 0.1880 0.1909 0.2270 0.1726 0.2439 0.2244 0.2940 0.2286 0.2422 0.2742 0.2725 0.2789
(d:9,c:0) 0.2206 0.1845 0.2268 0.2249 0.2571 0.2000 0.2035 0.2529 0.2178 0.2350 0.2338 0.2260 0.2150 0.2135 0.2685 0.2091 0.2424 0.2729 0.2260 0.2513
(d:9,c:1) 0.1083 0.1709 0.1831 0.1616 0.2162 0.1286 0.1458 0.1930 0.1760 0.1902 0.2130 0.1487 0.2266 0.2095 0.2972 0.2160 0.2336 0.2764 0.2562 0.2853

StR-rec Reconstruction Similarities:
--------------------------------
Average similarity: 0.3142

Per-combination similarities:
Digit 0, Color 0: 0.4145
Digit 0, Color 1: 0.1709
Digit 1, Color 0: 0.4562
Digit 1, Color 1: 0.2168
Digit 2, Color 0: 0.4443
Digit 2, Color 1: 0.2245
Digit 3, Color 0: 0.3992
Digit 3, Color 1: 0.2139
Digit 4, Color 0: 0.4328
Digit 4, Color 1: 0.2045
Digit 5, Color 0: 0.2007
Digit 5, Color 1: 0.3410
Digit 6, Color 0: 0.2304
Digit 6, Color 1: 0.4298
Digit 7, Color 0: 0.2168
Digit 7, Color 1: 0.4430
Digit 8, Color 0: 0.1977
Digit 8, Color 1: 0.4337
Digit 9, Color 0: 0.2096
Digit 9, Color 1: 0.4039
