Colored MNIST Experiment Results
==============================

Supervised Decoder:
------------------
Training:
Digit accuracy: 0.7434
Color accuracy: 0.9715
Full accuracy: 0.7220

Testing:
Digit accuracy: 0.6176
Color accuracy: 0.9680
Full accuracy: 0.5970

RtS Classification:
------------------
Training:
Digit accuracy: 0.7173
Color accuracy: 0.8649
Full accuracy: 0.6208

Testing:
Digit accuracy: 0.5681
Color accuracy: 0.8773
Full accuracy: 0.4898

StR-rep Cosine Similarities:
---------------------------
Average diagonal (matching pairs): 0.2887
Average off-diagonal (non-matching pairs): 0.2899

Full association matrix:
(d:0,c:0) 0.4114 0.2892 0.3961 0.3918 0.3973 0.4385 0.3769 0.3542 0.4173 0.3959 0.3543 0.2940 0.3164 0.3030 0.2697 0.3338 0.3138 0.2044 0.3164 0.2706
(d:0,c:1) 0.2317 0.1934 0.2235 0.1838 0.1902 0.2260 0.1960 0.1622 0.2375 0.2064 0.3419 0.2641 0.3099 0.2738 0.2719 0.3098 0.3165 0.2146 0.2954 0.2526
(d:1,c:0) 0.2974 0.3699 0.3735 0.3640 0.3589 0.3920 0.3462 0.3272 0.4009 0.3557 0.2591 0.3930 0.3173 0.2922 0.2282 0.2867 0.2817 0.1761 0.3170 0.2313
(d:1,c:1) 0.1496 0.2515 0.2081 0.1666 0.1651 0.1944 0.1755 0.1455 0.2265 0.1792 0.2660 0.3321 0.3046 0.2615 0.2362 0.2700 0.2867 0.1894 0.2906 0.2195
(d:2,c:0) 0.3339 0.3199 0.4233 0.3827 0.3681 0.4064 0.3725 0.3225 0.4101 0.3591 0.2791 0.3240 0.3747 0.3080 0.2694 0.2990 0.3152 0.1923 0.3224 0.2534
(d:2,c:1) 0.1803 0.2200 0.2501 0.1843 0.1757 0.2097 0.1992 0.1452 0.2386 0.1858 0.2871 0.2882 0.3545 0.2793 0.2724 0.2855 0.3184 0.2059 0.3014 0.2411
(d:3,c:0) 0.3228 0.2778 0.3592 0.4209 0.3596 0.4216 0.3293 0.3213 0.3864 0.3590 0.2592 0.3044 0.3076 0.3301 0.2450 0.3081 0.2603 0.1901 0.3079 0.2533
(d:3,c:1) 0.2187 0.2362 0.2562 0.2716 0.2172 0.2813 0.2130 0.1858 0.2795 0.2365 0.3344 0.3381 0.3748 0.3656 0.3124 0.3603 0.3406 0.2506 0.3584 0.2973
(d:4,c:0) 0.3177 0.2862 0.3657 0.3639 0.4460 0.4073 0.3731 0.3553 0.3983 0.4080 0.2577 0.2864 0.3058 0.2813 0.3125 0.3007 0.2962 0.1955 0.3197 0.2834
(d:4,c:1) 0.1986 0.2294 0.2442 0.2014 0.2762 0.2484 0.2356 0.2007 0.2710 0.2624 0.3182 0.3056 0.3559 0.3047 0.3576 0.3367 0.3570 0.2444 0.3516 0.3095
(d:5,c:0) 0.3386 0.2785 0.3449 0.3936 0.3933 0.4501 0.3489 0.3461 0.4021 0.3909 0.2801 0.3061 0.3000 0.3206 0.2740 0.3461 0.2886 0.1907 0.3253 0.2716
(d:5,c:1) 0.2044 0.2096 0.2129 0.2143 0.2165 0.2694 0.2020 0.1813 0.2584 0.2330 0.3181 0.3041 0.3303 0.3194 0.3049 0.3546 0.3300 0.2262 0.3358 0.2818
(d:6,c:0) 0.3044 0.2603 0.3570 0.3315 0.3616 0.3706 0.3938 0.3009 0.3588 0.3465 0.2030 0.2290 0.2515 0.2305 0.1999 0.2187 0.2441 0.1356 0.2284 0.2006
(d:6,c:1) 0.2298 0.2447 0.2875 0.2187 0.2523 0.2680 0.3097 0.1942 0.2873 0.2570 0.3032 0.2909 0.3483 0.2961 0.2910 0.2995 0.3506 0.2142 0.3076 0.2685
(d:7,c:0) 0.2817 0.2982 0.3359 0.3712 0.3553 0.3799 0.2991 0.3800 0.3623 0.3624 0.2566 0.2737 0.2726 0.2832 0.3003 0.2907 0.2389 0.3326 0.3051 0.3144
(d:7,c:1) 0.1465 0.2182 0.1937 0.1809 0.1707 0.1968 0.1490 0.1948 0.2131 0.1960 0.2985 0.2746 0.3068 0.2857 0.3250 0.3067 0.2893 0.3406 0.3165 0.3139
(d:8,c:0) 0.3364 0.3219 0.3881 0.3771 0.3985 0.4227 0.3562 0.3644 0.4439 0.3924 0.2343 0.2899 0.2646 0.2543 0.2230 0.2772 0.2449 0.1591 0.2964 0.2267
(d:8,c:1) 0.2258 0.2694 0.2759 0.2259 0.2477 0.2757 0.2324 0.2210 0.3245 0.2613 0.3008 0.3144 0.3237 0.2857 0.2821 0.3210 0.3153 0.2143 0.3366 0.2637
(d:9,c:0) 0.3171 0.2652 0.3428 0.3588 0.3925 0.3980 0.3627 0.3071 0.3850 0.3794 0.2820 0.3213 0.3286 0.3191 0.3376 0.3304 0.3346 0.2378 0.3508 0.3533
(d:9,c:1) 0.1669 0.1820 0.1899 0.1635 0.1917 0.2018 0.1910 0.1303 0.2203 0.2000 0.3013 0.2960 0.3326 0.2976 0.3356 0.3203 0.3462 0.2496 0.3342 0.3266

StR-rec Reconstruction Similarities:
--------------------------------
Average similarity: 0.3124

Per-combination similarities:
Digit 0, Color 0: 0.4065
Digit 0, Color 1: 0.1722
Digit 1, Color 0: 0.4621
Digit 1, Color 1: 0.2190
Digit 2, Color 0: 0.4362
Digit 2, Color 1: 0.2207
Digit 3, Color 0: 0.3946
Digit 3, Color 1: 0.2207
Digit 4, Color 0: 0.4226
Digit 4, Color 1: 0.2011
Digit 5, Color 0: 0.2028
Digit 5, Color 1: 0.3346
Digit 6, Color 0: 0.2309
Digit 6, Color 1: 0.4226
Digit 7, Color 0: 0.2198
Digit 7, Color 1: 0.4434
Digit 8, Color 0: 0.1994
Digit 8, Color 1: 0.4162
Digit 9, Color 0: 0.2134
Digit 9, Color 1: 0.4086
