Colored MNIST Experiment Results
==============================

Supervised Decoder:
------------------
Training:
Digit accuracy: 0.7094
Color accuracy: 0.9834
Full accuracy: 0.6994

Testing:
Digit accuracy: 0.5828
Color accuracy: 0.9812
Full accuracy: 0.5732

RtS Classification:
------------------
Training:
Digit accuracy: 0.6450
Color accuracy: 0.8216
Full accuracy: 0.5314

Testing:
Digit accuracy: 0.5133
Color accuracy: 0.8222
Full accuracy: 0.4119

StR-rep Cosine Similarities:
---------------------------
Average diagonal (matching pairs): 0.3855
Average off-diagonal (non-matching pairs): 0.3648

Full association matrix:
(d:0,c:0) 0.5621 0.3259 0.4349 0.4399 0.2967 0.4619 0.4113 0.3175 0.4173 0.3506 0.4128 0.1689 0.3704 0.3179 0.1912 0.2984 0.2542 0.1844 0.2981 0.1835
(d:0,c:1) 0.4907 0.2155 0.3127 0.4198 0.2197 0.3946 0.2536 0.2694 0.3820 0.2653 0.5086 0.2886 0.4597 0.5003 0.4326 0.5400 0.4685 0.4598 0.4965 0.4950
(d:1,c:0) 0.4190 0.4350 0.4176 0.3725 0.3728 0.4591 0.4231 0.3346 0.4282 0.3728 0.2407 0.3607 0.3516 0.3363 0.2452 0.2900 0.2470 0.1725 0.3320 0.2018
(d:1,c:1) 0.3073 0.3328 0.2799 0.3278 0.2993 0.3772 0.2557 0.2795 0.3816 0.2806 0.2948 0.5050 0.4253 0.5100 0.4873 0.5187 0.4503 0.4377 0.5248 0.5078
(d:2,c:0) 0.4522 0.3164 0.4627 0.3628 0.3704 0.4552 0.4462 0.3066 0.4290 0.3575 0.3022 0.2516 0.4421 0.3302 0.2886 0.2916 0.3079 0.1787 0.3562 0.2040
(d:2,c:1) 0.3755 0.2163 0.3628 0.3399 0.3206 0.4023 0.3123 0.2671 0.4102 0.2864 0.3846 0.3927 0.5574 0.5219 0.5531 0.5364 0.5381 0.4532 0.5731 0.5199
(d:3,c:0) 0.5072 0.3497 0.4495 0.4737 0.3494 0.5026 0.4366 0.3415 0.4506 0.3706 0.3048 0.2492 0.3996 0.4089 0.2575 0.3483 0.2708 0.2129 0.3659 0.2225
(d:3,c:1) 0.3810 0.2179 0.2952 0.4135 0.2532 0.3976 0.2531 0.2674 0.3787 0.2588 0.3421 0.3473 0.4458 0.5500 0.4634 0.5422 0.4418 0.4475 0.5218 0.4910
(d:4,c:0) 0.4776 0.3364 0.4731 0.4111 0.5187 0.5156 0.4936 0.4216 0.4981 0.4932 0.2861 0.2523 0.3959 0.3213 0.3738 0.3378 0.3204 0.2096 0.3756 0.2686
(d:4,c:1) 0.3102 0.1750 0.2813 0.3136 0.3944 0.3703 0.2730 0.3203 0.3908 0.3512 0.3014 0.3342 0.4132 0.4349 0.5657 0.5102 0.4754 0.4339 0.5079 0.5271
(d:5,c:0) 0.4941 0.3374 0.4226 0.4125 0.3955 0.5303 0.4400 0.3422 0.4542 0.3962 0.2958 0.2437 0.3762 0.3502 0.3002 0.3698 0.2867 0.2032 0.3687 0.2366
(d:5,c:1) 0.3694 0.2066 0.2686 0.3494 0.3047 0.4298 0.2595 0.2697 0.3845 0.2884 0.3331 0.3415 0.4215 0.4870 0.5089 0.5652 0.4586 0.4361 0.5250 0.5051
(d:6,c:0) 0.4650 0.3001 0.4313 0.3561 0.3750 0.4396 0.5066 0.3046 0.4024 0.3455 0.2001 0.1560 0.3080 0.2355 0.1914 0.2013 0.2194 0.1089 0.2371 0.1108
(d:6,c:1) 0.4389 0.2255 0.3675 0.3692 0.3651 0.4287 0.4370 0.2961 0.4200 0.3067 0.2829 0.2960 0.4288 0.4361 0.4616 0.4539 0.4593 0.3869 0.4582 0.4261
(d:7,c:0) 0.3810 0.2269 0.3167 0.3013 0.3457 0.3944 0.3584 0.3758 0.3724 0.3742 0.3460 0.2325 0.3691 0.3314 0.3553 0.3113 0.2800 0.3916 0.3664 0.3110
(d:7,c:1) 0.2214 0.0728 0.1336 0.2083 0.2270 0.2559 0.1480 0.2794 0.2701 0.2389 0.3613 0.3110 0.3861 0.4403 0.5391 0.4763 0.4282 0.6069 0.4932 0.5584
(d:8,c:0) 0.5110 0.3709 0.4848 0.4407 0.4216 0.5377 0.4745 0.4013 0.5358 0.4246 0.2938 0.2127 0.3602 0.3106 0.2745 0.3194 0.2576 0.1963 0.3544 0.2078
(d:8,c:1) 0.3802 0.2366 0.3282 0.3742 0.3271 0.4306 0.2887 0.3283 0.4660 0.3129 0.3287 0.3077 0.4014 0.4437 0.4822 0.5111 0.4278 0.4310 0.5089 0.4768
(d:9,c:0) 0.4786 0.3420 0.4001 0.3977 0.3941 0.4941 0.4219 0.3308 0.4526 0.3851 0.3218 0.2907 0.4077 0.3759 0.4092 0.3925 0.3812 0.2989 0.4177 0.3766
(d:9,c:1) 0.2638 0.1529 0.1762 0.2547 0.2286 0.2959 0.1702 0.1944 0.2929 0.2058 0.2865 0.3170 0.3612 0.4165 0.5115 0.4808 0.4563 0.4456 0.4679 0.5408

StR-rec Reconstruction Similarities:
--------------------------------
Average similarity: 0.3130

Per-combination similarities:
Digit 0, Color 0: 0.4099
Digit 0, Color 1: 0.1692
Digit 1, Color 0: 0.4524
Digit 1, Color 1: 0.2134
Digit 2, Color 0: 0.4303
Digit 2, Color 1: 0.2219
Digit 3, Color 0: 0.3937
Digit 3, Color 1: 0.2143
Digit 4, Color 0: 0.4260
Digit 4, Color 1: 0.2088
Digit 5, Color 0: 0.2024
Digit 5, Color 1: 0.3452
Digit 6, Color 0: 0.2343
Digit 6, Color 1: 0.4362
Digit 7, Color 0: 0.2190
Digit 7, Color 1: 0.4451
Digit 8, Color 0: 0.2007
Digit 8, Color 1: 0.4366
Digit 9, Color 0: 0.2117
Digit 9, Color 1: 0.3882
