Colored MNIST Experiment Results
==============================

Supervised Decoder:
------------------
Training:
Digit accuracy: 0.8036
Color accuracy: 1.0000
Full accuracy: 0.8036

Testing:
Digit accuracy: 0.6605
Color accuracy: 1.0000
Full accuracy: 0.6605

RtS Classification:
------------------
Training:
Digit accuracy: 0.7045
Color accuracy: 1.0000
Full accuracy: 0.7045

Testing:
Digit accuracy: 0.5222
Color accuracy: 1.0000
Full accuracy: 0.5222

StR-rep Cosine Similarities:
---------------------------
Average diagonal (matching pairs): 0.3937
Average off-diagonal (non-matching pairs): 0.3948

Full association matrix:
(d:0,c:0) 0.6260 0.4952 0.5523 0.5563 0.5238 0.5761 0.5547 0.5285 0.5493 0.5300 0.4921 0.3219 0.3931 0.3921 0.3707 0.4144 0.4129 0.3748 0.3812 0.3685
(d:0,c:1) 0.4474 0.3434 0.3805 0.3913 0.3640 0.4108 0.3679 0.3635 0.3948 0.3725 0.6487 0.5069 0.5647 0.5722 0.5489 0.5966 0.5698 0.5543 0.5752 0.5560
(d:1,c:0) 0.3999 0.5467 0.4570 0.4497 0.4147 0.4376 0.4330 0.4248 0.4533 0.4229 0.2769 0.4134 0.3240 0.3163 0.2797 0.3019 0.3065 0.3025 0.3172 0.2909
(d:1,c:1) 0.2500 0.4161 0.3113 0.3098 0.2794 0.2979 0.2750 0.2851 0.3222 0.2895 0.4103 0.5670 0.4684 0.4679 0.4300 0.4558 0.4389 0.4537 0.4805 0.4489
(d:2,c:0) 0.4783 0.4893 0.5407 0.4904 0.4754 0.4746 0.5045 0.4665 0.4918 0.4675 0.3588 0.3509 0.4149 0.3565 0.3466 0.3388 0.3868 0.3429 0.3524 0.3324
(d:2,c:1) 0.3265 0.3603 0.3945 0.3500 0.3393 0.3343 0.3445 0.3259 0.3609 0.3336 0.5070 0.5227 0.5757 0.5247 0.5128 0.5091 0.5344 0.5103 0.5330 0.5069
(d:3,c:0) 0.5149 0.5258 0.5300 0.5855 0.4951 0.5438 0.5071 0.4984 0.5360 0.5048 0.3799 0.3653 0.3744 0.4313 0.3419 0.3948 0.3619 0.3554 0.3774 0.3516
(d:3,c:1) 0.3468 0.3809 0.3671 0.4279 0.3437 0.3870 0.3307 0.3422 0.3890 0.3554 0.5237 0.5338 0.5311 0.5949 0.5051 0.5613 0.5055 0.5197 0.5547 0.5232
(d:4,c:0) 0.5057 0.4891 0.5259 0.5031 0.5879 0.5200 0.5475 0.5331 0.5299 0.5588 0.3688 0.3203 0.3718 0.3463 0.4427 0.3649 0.4080 0.3906 0.3690 0.4070
(d:4,c:1) 0.3364 0.3446 0.3623 0.3462 0.4355 0.3632 0.3692 0.3760 0.3832 0.4089 0.5264 0.5037 0.5428 0.5257 0.6196 0.5466 0.5647 0.5691 0.5618 0.5931
(d:5,c:0) 0.4675 0.4525 0.4531 0.4800 0.4559 0.5014 0.4589 0.4477 0.4783 0.4640 0.3452 0.3076 0.3120 0.3413 0.3146 0.3621 0.3303 0.3199 0.3335 0.3255
(d:5,c:1) 0.3221 0.3284 0.3127 0.3452 0.3253 0.3666 0.3059 0.3129 0.3524 0.3354 0.4808 0.4654 0.4592 0.4956 0.4672 0.5183 0.4654 0.4737 0.4994 0.4858
(d:6,c:0) 0.3906 0.3768 0.4085 0.3773 0.3983 0.3903 0.4662 0.3647 0.3920 0.3891 0.1961 0.1750 0.1961 0.1820 0.1904 0.1887 0.2309 0.1787 0.1845 0.1852
(d:6,c:1) 0.2963 0.2997 0.3197 0.2911 0.3172 0.3051 0.3709 0.2775 0.3145 0.3091 0.3274 0.3236 0.3373 0.3282 0.3357 0.3372 0.3642 0.3242 0.3409 0.3368
(d:7,c:0) 0.4362 0.4386 0.4395 0.4446 0.4745 0.4545 0.4347 0.5507 0.4522 0.4932 0.2193 0.2020 0.2100 0.2127 0.2260 0.2165 0.2184 0.2699 0.2145 0.2366
(d:7,c:1) 0.3182 0.3415 0.3265 0.3374 0.3728 0.3479 0.3092 0.4488 0.3541 0.3945 0.3640 0.3674 0.3656 0.3754 0.3876 0.3813 0.3625 0.4350 0.3886 0.4064
(d:8,c:0) 0.3278 0.3465 0.3465 0.3439 0.3313 0.3476 0.3338 0.3283 0.3585 0.3338 0.3018 0.3107 0.3143 0.3091 0.2944 0.3156 0.3039 0.3023 0.3339 0.2999
(d:8,c:1) 0.1803 0.2135 0.2008 0.2030 0.1949 0.2063 0.1798 0.1890 0.2228 0.1987 0.3754 0.4005 0.3955 0.3965 0.3819 0.4038 0.3768 0.3899 0.4275 0.3929
(d:9,c:0) 0.3895 0.3860 0.4005 0.3994 0.4346 0.4091 0.4121 0.4226 0.4133 0.4410 0.3425 0.3273 0.3373 0.3437 0.4041 0.3595 0.3696 0.4123 0.3622 0.4242
(d:9,c:1) 0.2248 0.2413 0.2396 0.2438 0.2800 0.2528 0.2385 0.2651 0.2649 0.2879 0.4430 0.4496 0.4490 0.4615 0.5155 0.4780 0.4674 0.5242 0.4894 0.5413

StR-rec Reconstruction Similarities:
--------------------------------
Average similarity: 0.3132

Per-combination similarities:
Digit 0, Color 0: 0.4133
Digit 0, Color 1: 0.1696
Digit 1, Color 0: 0.4689
Digit 1, Color 1: 0.2156
Digit 2, Color 0: 0.4277
Digit 2, Color 1: 0.2194
Digit 3, Color 0: 0.3941
Digit 3, Color 1: 0.2147
Digit 4, Color 0: 0.4293
Digit 4, Color 1: 0.2062
Digit 5, Color 0: 0.2041
Digit 5, Color 1: 0.3427
Digit 6, Color 0: 0.2236
Digit 6, Color 1: 0.4303
Digit 7, Color 0: 0.2236
Digit 7, Color 1: 0.4468
Digit 8, Color 0: 0.2002
Digit 8, Color 1: 0.4303
Digit 9, Color 0: 0.2113
Digit 9, Color 1: 0.3924
