Colored MNIST Experiment Results
==============================

Supervised Decoder:
------------------
Training:
Digit accuracy: 0.7629
Color accuracy: 1.0000
Full accuracy: 0.7629

Testing:
Digit accuracy: 0.6602
Color accuracy: 1.0000
Full accuracy: 0.6602

RtS Classification:
------------------
Training:
Digit accuracy: 0.7005
Color accuracy: 1.0000
Full accuracy: 0.7005

Testing:
Digit accuracy: 0.5503
Color accuracy: 1.0000
Full accuracy: 0.5503

StR-rep Cosine Similarities:
---------------------------
Average diagonal (matching pairs): 0.2713
Average off-diagonal (non-matching pairs): 0.2689

Full association matrix:
(d:0,c:0) 0.5305 0.4182 0.4564 0.4630 0.4299 0.4792 0.4547 0.4403 0.4602 0.4380 0.3931 0.2829 0.3232 0.3202 0.2868 0.3380 0.3254 0.2788 0.3183 0.2839
(d:0,c:1) 0.3739 0.2608 0.2957 0.3046 0.2955 0.3214 0.2989 0.3179 0.2986 0.3054 0.5140 0.4068 0.4417 0.4466 0.4377 0.4678 0.4485 0.4458 0.4467 0.4429
(d:1,c:0) 0.2845 0.3896 0.3177 0.3181 0.2912 0.3113 0.2994 0.3036 0.3237 0.3002 0.1911 0.3008 0.2271 0.2224 0.1885 0.2137 0.2073 0.1937 0.2286 0.1959
(d:1,c:1) 0.1722 0.2764 0.2023 0.2044 0.1948 0.1980 0.1875 0.2159 0.2077 0.2051 0.2800 0.3916 0.3140 0.3151 0.2989 0.3089 0.2976 0.3158 0.3227 0.3121
(d:2,c:0) 0.4388 0.4544 0.4962 0.4483 0.4339 0.4340 0.4565 0.4298 0.4544 0.4280 0.3229 0.3406 0.3859 0.3265 0.3040 0.3101 0.3456 0.2842 0.3317 0.2900
(d:2,c:1) 0.2867 0.3011 0.3399 0.2942 0.3034 0.2805 0.3049 0.3111 0.2970 0.2993 0.4442 0.4643 0.5045 0.4528 0.4544 0.4400 0.4687 0.4504 0.4600 0.4484
(d:3,c:0) 0.4353 0.4449 0.4385 0.4929 0.4053 0.4580 0.4110 0.4158 0.4516 0.4169 0.3141 0.3219 0.3142 0.3646 0.2717 0.3313 0.2910 0.2701 0.3237 0.2785
(d:3,c:1) 0.2870 0.2955 0.2861 0.3426 0.2780 0.3084 0.2633 0.2998 0.2983 0.2913 0.4300 0.4403 0.4276 0.4853 0.4159 0.4555 0.4088 0.4296 0.4465 0.4304
(d:4,c:0) 0.3488 0.3483 0.3603 0.3478 0.4060 0.3580 0.3658 0.3788 0.3682 0.3886 0.2325 0.2263 0.2396 0.2246 0.2656 0.2346 0.2491 0.2301 0.2429 0.2467
(d:4,c:1) 0.2261 0.2246 0.2341 0.2235 0.3003 0.2342 0.2434 0.2826 0.2413 0.2844 0.3281 0.3239 0.3330 0.3243 0.3844 0.3370 0.3461 0.3616 0.3441 0.3718
(d:5,c:0) 0.2982 0.2860 0.2797 0.3024 0.2829 0.3163 0.2812 0.2876 0.3003 0.2931 0.2144 0.1990 0.1947 0.2162 0.1900 0.2292 0.1989 0.1842 0.2132 0.1958
(d:5,c:1) 0.1967 0.1838 0.1755 0.1996 0.1954 0.2137 0.1801 0.2078 0.1954 0.2068 0.2907 0.2771 0.2694 0.2958 0.2854 0.3109 0.2765 0.2899 0.2941 0.2964
(d:6,c:0) 0.2797 0.2700 0.2847 0.2653 0.2758 0.2766 0.3171 0.2626 0.2764 0.2737 0.1540 0.1459 0.1565 0.1433 0.1439 0.1500 0.1753 0.1291 0.1504 0.1394
(d:6,c:1) 0.1933 0.1827 0.1959 0.1775 0.2024 0.1894 0.2318 0.1961 0.1869 0.2014 0.2299 0.2232 0.2309 0.2222 0.2373 0.2310 0.2528 0.2317 0.2305 0.2375
(d:7,c:0) 0.1904 0.1921 0.1921 0.1944 0.1955 0.1961 0.1862 0.2201 0.1987 0.2037 0.1712 0.1705 0.1697 0.1713 0.1771 0.1753 0.1644 0.2176 0.1785 0.1891
(d:7,c:1) 0.1056 0.1066 0.1049 0.1083 0.1217 0.1103 0.1017 0.1518 0.1109 0.1307 0.2296 0.2302 0.2268 0.2324 0.2506 0.2380 0.2239 0.2982 0.2404 0.2664
(d:8,c:0) 0.2210 0.2381 0.2276 0.2273 0.2235 0.2342 0.2157 0.2229 0.2469 0.2277 0.1211 0.1299 0.1249 0.1218 0.1158 0.1265 0.1190 0.1100 0.1344 0.1167
(d:8,c:1) 0.1532 0.1703 0.1579 0.1587 0.1663 0.1661 0.1479 0.1715 0.1774 0.1716 0.1844 0.1947 0.1871 0.1877 0.1933 0.1942 0.1831 0.1950 0.2017 0.1982
(d:9,c:0) 0.1730 0.1787 0.1800 0.1808 0.1888 0.1838 0.1797 0.1865 0.1884 0.1952 0.1535 0.1625 0.1631 0.1616 0.1819 0.1680 0.1693 0.1684 0.1754 0.1884
(d:9,c:1) 0.0949 0.0999 0.0997 0.1016 0.1208 0.1048 0.1018 0.1242 0.1074 0.1279 0.2081 0.2181 0.2162 0.2185 0.2500 0.2264 0.2244 0.2444 0.2329 0.2601

StR-rec Reconstruction Similarities:
--------------------------------
Average similarity: 0.3135

Per-combination similarities:
Digit 0, Color 0: 0.4045
Digit 0, Color 1: 0.1691
Digit 1, Color 0: 0.4573
Digit 1, Color 1: 0.2179
Digit 2, Color 0: 0.4370
Digit 2, Color 1: 0.2230
Digit 3, Color 0: 0.3909
Digit 3, Color 1: 0.2154
Digit 4, Color 0: 0.4331
Digit 4, Color 1: 0.2036
Digit 5, Color 0: 0.2070
Digit 5, Color 1: 0.3450
Digit 6, Color 0: 0.2295
Digit 6, Color 1: 0.4317
Digit 7, Color 0: 0.2177
Digit 7, Color 1: 0.4389
Digit 8, Color 0: 0.2021
Digit 8, Color 1: 0.4341
Digit 9, Color 0: 0.2081
Digit 9, Color 1: 0.4033
