Colored MNIST Experiment Results
==============================

Supervised Decoder:
------------------
Training:
Digit accuracy: 0.7663
Color accuracy: 1.0000
Full accuracy: 0.7663

Testing:
Digit accuracy: 0.7813
Color accuracy: 1.0000
Full accuracy: 0.7813

RtS Classification:
------------------
Training:
Digit accuracy: 0.7642
Color accuracy: 1.0000
Full accuracy: 0.7642

Testing:
Digit accuracy: 0.7753
Color accuracy: 1.0000
Full accuracy: 0.7753

StR-rep Cosine Similarities:
---------------------------
Average diagonal (matching pairs): 0.3887
Average off-diagonal (non-matching pairs): 0.3876

Full association matrix:
(d:0,c:0) 0.5436 0.4301 0.4699 0.4797 0.4475 0.4977 0.4713 0.4511 0.4724 0.4531 0.3905 0.2725 0.3127 0.3170 0.2938 0.3380 0.3187 0.2977 0.3131 0.2983
(d:0,c:1) 0.3940 0.2847 0.3208 0.3296 0.3004 0.3453 0.3222 0.3051 0.3218 0.3040 0.5281 0.4207 0.4583 0.4654 0.4384 0.4855 0.4602 0.4429 0.4652 0.4454
(d:1,c:0) 0.2972 0.4163 0.3386 0.3424 0.3115 0.3321 0.3151 0.3223 0.3476 0.3221 0.1919 0.3007 0.2255 0.2249 0.2012 0.2179 0.2090 0.2142 0.2277 0.2118
(d:1,c:1) 0.1880 0.3096 0.2295 0.2325 0.2038 0.2206 0.2060 0.2154 0.2373 0.2129 0.2954 0.4115 0.3346 0.3360 0.3096 0.3285 0.3151 0.3230 0.3417 0.3220
(d:2,c:0) 0.4710 0.4930 0.5416 0.4856 0.4716 0.4720 0.4943 0.4630 0.4923 0.4633 0.3204 0.3334 0.3806 0.3264 0.3175 0.3115 0.3411 0.3123 0.3310 0.3091
(d:2,c:1) 0.3208 0.3466 0.3918 0.3346 0.3235 0.3186 0.3443 0.3160 0.3407 0.3132 0.4655 0.4888 0.5337 0.4821 0.4693 0.4664 0.4899 0.4647 0.4906 0.4634
(d:3,c:0) 0.4528 0.4742 0.4672 0.5284 0.4360 0.4871 0.4386 0.4412 0.4811 0.4509 0.3111 0.3274 0.3156 0.3750 0.2908 0.3418 0.2886 0.2970 0.3282 0.3025
(d:3,c:1) 0.3080 0.3330 0.3225 0.3828 0.2931 0.3392 0.2939 0.2995 0.3350 0.3061 0.4500 0.4762 0.4621 0.5243 0.4362 0.4903 0.4311 0.4430 0.4812 0.4504
(d:4,c:0) 0.4940 0.4919 0.5142 0.5020 0.5787 0.5188 0.5284 0.5267 0.5315 0.5553 0.3322 0.3200 0.3466 0.3296 0.4143 0.3469 0.3634 0.3594 0.3568 0.3868
(d:4,c:1) 0.3311 0.3330 0.3516 0.3382 0.4183 0.3525 0.3658 0.3674 0.3672 0.3927 0.4892 0.4880 0.5122 0.4982 0.5787 0.5146 0.5244 0.5244 0.5297 0.5540
(d:5,c:0) 0.4487 0.4530 0.4367 0.4672 0.4414 0.4894 0.4338 0.4458 0.4697 0.4560 0.3099 0.2945 0.2871 0.3151 0.2946 0.3424 0.2927 0.2975 0.3156 0.3073
(d:5,c:1) 0.3050 0.3127 0.2933 0.3225 0.2997 0.3425 0.2904 0.3051 0.3245 0.3124 0.4399 0.4341 0.4245 0.4549 0.4310 0.4812 0.4263 0.4344 0.4591 0.4459
(d:6,c:0) 0.4591 0.4600 0.4801 0.4584 0.4686 0.4691 0.5235 0.4393 0.4727 0.4640 0.3171 0.3045 0.3264 0.3042 0.3183 0.3157 0.3733 0.2915 0.3144 0.3130
(d:6,c:1) 0.3130 0.3174 0.3341 0.3114 0.3244 0.3199 0.3775 0.2963 0.3252 0.3179 0.4553 0.4526 0.4721 0.4526 0.4630 0.4634 0.5150 0.4368 0.4666 0.4601
(d:7,c:0) 0.4834 0.4993 0.4877 0.4983 0.5139 0.5048 0.4780 0.5877 0.5101 0.5378 0.3249 0.3239 0.3215 0.3250 0.3495 0.3383 0.3168 0.4168 0.3365 0.3697
(d:7,c:1) 0.3223 0.3419 0.3268 0.3362 0.3548 0.3402 0.3171 0.4294 0.3473 0.3765 0.4740 0.4839 0.4789 0.4854 0.5056 0.4978 0.4699 0.5733 0.5010 0.5284
(d:8,c:0) 0.4107 0.4386 0.4283 0.4311 0.4227 0.4403 0.4140 0.4194 0.4595 0.4316 0.2803 0.2951 0.2924 0.2926 0.2882 0.3040 0.2837 0.2849 0.3196 0.2941
(d:8,c:1) 0.2813 0.3127 0.2991 0.3011 0.2952 0.3084 0.2847 0.2929 0.3292 0.3024 0.4089 0.4329 0.4280 0.4306 0.4228 0.4415 0.4156 0.4200 0.4613 0.4310
(d:9,c:0) 0.4447 0.4660 0.4562 0.4690 0.5052 0.4809 0.4671 0.4983 0.4898 0.5269 0.3000 0.3090 0.3041 0.3141 0.3551 0.3280 0.3193 0.3470 0.3299 0.3696
(d:9,c:1) 0.2952 0.3201 0.3069 0.3186 0.3576 0.3282 0.3178 0.3519 0.3388 0.3773 0.4401 0.4591 0.4519 0.4646 0.5016 0.4777 0.4629 0.4942 0.4842 0.5186

StR-rec Reconstruction Similarities:
--------------------------------
Average similarity: 0.3137

Per-combination similarities:
Digit 0, Color 0: 0.4090
Digit 0, Color 1: 0.1718
Digit 1, Color 0: 0.4634
Digit 1, Color 1: 0.2168
Digit 2, Color 0: 0.4320
Digit 2, Color 1: 0.2164
Digit 3, Color 0: 0.3963
Digit 3, Color 1: 0.2219
Digit 4, Color 0: 0.4319
Digit 4, Color 1: 0.2049
Digit 5, Color 0: 0.2062
Digit 5, Color 1: 0.3410
Digit 6, Color 0: 0.2274
Digit 6, Color 1: 0.4328
Digit 7, Color 0: 0.2185
Digit 7, Color 1: 0.4524
Digit 8, Color 0: 0.2007
Digit 8, Color 1: 0.4192
Digit 9, Color 0: 0.2109
Digit 9, Color 1: 0.3996
