Colored MNIST Experiment Results
==============================

Supervised Decoder:
------------------
Training:
Digit accuracy: 0.7471
Color accuracy: 1.0000
Full accuracy: 0.7471

Testing:
Digit accuracy: 0.6268
Color accuracy: 1.0000
Full accuracy: 0.6268

RtS Classification:
------------------
Training:
Digit accuracy: 0.5971
Color accuracy: 0.4963
Full accuracy: 0.2807

Testing:
Digit accuracy: 0.4348
Color accuracy: 0.5001
Full accuracy: 0.1945

StR-rep Cosine Similarities:
---------------------------
Average diagonal (matching pairs): -0.0462
Average off-diagonal (non-matching pairs): -0.0521

Full association matrix:
(d:0,c:0) 0.0089 -0.1271 -0.0663 -0.0800 -0.0850 -0.0574 -0.0714 -0.0958 -0.0822 -0.0974 0.0966 -0.1176 -0.0196 -0.0487 -0.0582 -0.0055 0.0017 -0.0711 -0.0549 -0.0747
(d:0,c:1) 0.0089 -0.1271 -0.0663 -0.0800 -0.0850 -0.0574 -0.0714 -0.0958 -0.0822 -0.0974 0.0966 -0.1176 -0.0196 -0.0487 -0.0582 -0.0055 0.0017 -0.0711 -0.0549 -0.0747
(d:1,c:0) -0.1045 0.0369 -0.0573 -0.0339 -0.1133 -0.0599 -0.0661 -0.0904 -0.0507 -0.0807 -0.0526 0.0813 -0.0385 -0.0131 -0.0830 -0.0313 -0.0520 -0.0398 -0.0189 -0.0531
(d:1,c:1) -0.1045 0.0369 -0.0573 -0.0339 -0.1133 -0.0599 -0.0661 -0.0904 -0.0507 -0.0807 -0.0526 0.0813 -0.0385 -0.0131 -0.0830 -0.0313 -0.0520 -0.0398 -0.0189 -0.0531
(d:2,c:0) -0.0593 -0.0563 0.0048 -0.0802 -0.0475 -0.0794 -0.0430 -0.0833 -0.0560 -0.0807 0.0087 -0.0457 0.0610 -0.0360 -0.0308 -0.0259 0.0381 -0.0652 -0.0280 -0.0659
(d:2,c:1) -0.0593 -0.0563 0.0048 -0.0802 -0.0475 -0.0794 -0.0430 -0.0833 -0.0560 -0.0807 0.0087 -0.0457 0.0610 -0.0360 -0.0308 -0.0259 0.0381 -0.0652 -0.0280 -0.0659
(d:3,c:0) -0.0827 -0.0432 -0.0759 0.0233 -0.1453 -0.0513 -0.1113 -0.1159 -0.0690 -0.1159 -0.0068 0.0239 -0.0208 0.0762 -0.0916 0.0103 -0.0572 -0.0595 -0.0096 -0.0670
(d:3,c:1) -0.0827 -0.0432 -0.0759 0.0233 -0.1453 -0.0513 -0.1113 -0.1159 -0.0690 -0.1159 -0.0068 0.0239 -0.0208 0.0762 -0.0916 0.0103 -0.0572 -0.0595 -0.0096 -0.0670
(d:4,c:0) -0.0729 -0.1304 -0.0775 -0.1297 0.0490 -0.0841 -0.0452 -0.0280 -0.0745 -0.0077 -0.0538 -0.1234 -0.0417 -0.0920 0.0519 -0.0522 -0.0017 -0.0325 -0.0538 -0.0006
(d:4,c:1) -0.0729 -0.1304 -0.0775 -0.1297 0.0490 -0.0841 -0.0452 -0.0280 -0.0745 -0.0077 -0.0538 -0.1234 -0.0417 -0.0920 0.0519 -0.0522 -0.0017 -0.0325 -0.0538 -0.0006
(d:5,c:0) -0.0464 -0.0696 -0.0772 -0.0480 -0.0580 -0.0091 -0.0722 -0.0877 -0.0376 -0.0560 0.0378 -0.0474 -0.0193 0.0020 -0.0371 0.0547 0.0165 -0.0566 -0.0022 -0.0377
(d:5,c:1) -0.0464 -0.0696 -0.0772 -0.0480 -0.0580 -0.0091 -0.0722 -0.0877 -0.0376 -0.0560 0.0378 -0.0474 -0.0193 0.0020 -0.0371 0.0547 0.0165 -0.0566 -0.0022 -0.0377
(d:6,c:0) 0.0036 -0.0357 0.0127 -0.0571 0.0130 -0.0226 0.0829 -0.0519 -0.0211 -0.0178 -0.1013 -0.1576 -0.1051 -0.1520 -0.1230 -0.1230 -0.0516 -0.1610 -0.1380 -0.1460
(d:6,c:1) 0.0036 -0.0357 0.0127 -0.0571 0.0130 -0.0226 0.0829 -0.0519 -0.0211 -0.0178 -0.1013 -0.1576 -0.1051 -0.1520 -0.1230 -0.1230 -0.0516 -0.1610 -0.1380 -0.1460
(d:7,c:0) -0.1751 -0.1875 -0.1830 -0.1984 -0.1391 -0.1791 -0.1838 -0.1071 -0.1786 -0.1435 0.0125 -0.0185 -0.0040 -0.0196 0.0457 0.0098 0.0050 0.1220 0.0022 0.0558
(d:7,c:1) -0.1751 -0.1875 -0.1830 -0.1984 -0.1391 -0.1791 -0.1838 -0.1071 -0.1786 -0.1435 0.0125 -0.0185 -0.0040 -0.0196 0.0457 0.0098 0.0050 0.1220 0.0022 0.0558
(d:8,c:0) -0.0018 0.0573 0.0331 0.0132 0.0288 0.0355 -0.0119 0.0136 0.0710 0.0245 -0.1073 -0.1335 -0.1052 -0.1334 -0.1314 -0.1041 -0.1065 -0.1500 -0.1056 -0.1443
(d:8,c:1) -0.0018 0.0573 0.0331 0.0132 0.0288 0.0355 -0.0119 0.0136 0.0710 0.0245 -0.1073 -0.1335 -0.1052 -0.1334 -0.1314 -0.1041 -0.1065 -0.1500 -0.1056 -0.1443
(d:9,c:0) -0.1777 -0.2221 -0.2021 -0.2192 -0.1108 -0.1931 -0.1742 -0.1237 -0.1947 -0.1281 0.0100 0.0008 0.0247 0.0132 0.1463 0.0404 0.0568 0.1160 0.0482 0.1414
(d:9,c:1) -0.1777 -0.2221 -0.2021 -0.2192 -0.1108 -0.1931 -0.1742 -0.1237 -0.1947 -0.1281 0.0100 0.0008 0.0247 0.0132 0.1463 0.0404 0.0568 0.1160 0.0482 0.1414

StR-rec Reconstruction Similarities:
--------------------------------
Average similarity: 0.3138

Per-combination similarities:
Digit 0, Color 0: 0.4137
Digit 0, Color 1: 0.1718
Digit 1, Color 0: 0.4664
Digit 1, Color 1: 0.2113
Digit 2, Color 0: 0.4443
Digit 2, Color 1: 0.2202
Digit 3, Color 0: 0.3963
Digit 3, Color 1: 0.2143
Digit 4, Color 0: 0.4290
Digit 4, Color 1: 0.2024
Digit 5, Color 0: 0.2045
Digit 5, Color 1: 0.3299
Digit 6, Color 0: 0.2275
Digit 6, Color 1: 0.4362
Digit 7, Color 0: 0.2139
Digit 7, Color 1: 0.4447
Digit 8, Color 0: 0.1977
Digit 8, Color 1: 0.4362
Digit 9, Color 0: 0.2117
Digit 9, Color 1: 0.4048
