Colored MNIST Experiment Results
==============================

Supervised Decoder:
------------------
Training:
Digit accuracy: 0.7639
Color accuracy: 1.0000
Full accuracy: 0.7639

Testing:
Digit accuracy: 0.6699
Color accuracy: 1.0000
Full accuracy: 0.6699

RtS Classification:
------------------
Training:
Digit accuracy: 0.6844
Color accuracy: 0.9834
Full accuracy: 0.6722

Testing:
Digit accuracy: 0.5319
Color accuracy: 0.9841
Full accuracy: 0.5208

StR-rep Cosine Similarities:
---------------------------
Average diagonal (matching pairs): 0.2819
Average off-diagonal (non-matching pairs): 0.2835

Full association matrix:
(d:0,c:0) 0.3446 0.2666 0.2836 0.2912 0.2409 0.3037 0.2735 0.2628 0.2830 0.2589 0.2741 0.2351 0.2362 0.2313 0.1915 0.2505 0.2204 0.1796 0.2437 0.1789
(d:0,c:1) 0.3564 0.2614 0.2858 0.2944 0.2720 0.3114 0.2809 0.2996 0.2880 0.2889 0.5118 0.4298 0.4509 0.4483 0.4299 0.4739 0.4438 0.4327 0.4601 0.4285
(d:1,c:0) 0.2515 0.2838 0.2444 0.2490 0.1998 0.2481 0.2251 0.2229 0.2449 0.2171 0.1702 0.2700 0.1967 0.1917 0.1497 0.1938 0.1685 0.1454 0.2065 0.1454
(d:1,c:1) 0.2042 0.2682 0.2131 0.2169 0.1927 0.2138 0.1953 0.2191 0.2161 0.2076 0.2955 0.4148 0.3301 0.3271 0.3033 0.3267 0.3052 0.3138 0.3416 0.3114
(d:2,c:0) 0.3567 0.3370 0.3617 0.3397 0.2959 0.3362 0.3288 0.3105 0.3365 0.3052 0.2720 0.3035 0.3192 0.2724 0.2392 0.2694 0.2756 0.2166 0.2886 0.2186
(d:2,c:1) 0.3186 0.3190 0.3522 0.3170 0.3146 0.3094 0.3167 0.3286 0.3194 0.3157 0.4835 0.5060 0.5495 0.4874 0.4868 0.4786 0.5056 0.4776 0.5027 0.4770
(d:3,c:0) 0.3727 0.3505 0.3485 0.3875 0.2986 0.3703 0.3212 0.3212 0.3552 0.3196 0.2814 0.3124 0.2883 0.3231 0.2327 0.3040 0.2532 0.2211 0.3029 0.2263
(d:3,c:1) 0.3342 0.3320 0.3267 0.3792 0.3140 0.3517 0.2997 0.3391 0.3399 0.3315 0.4992 0.5202 0.5072 0.5627 0.4815 0.5305 0.4763 0.4889 0.5254 0.4928
(d:4,c:0) 0.3516 0.3189 0.3330 0.3320 0.3508 0.3453 0.3330 0.3411 0.3433 0.3514 0.2427 0.2580 0.2555 0.2394 0.2632 0.2579 0.2519 0.2219 0.2684 0.2368
(d:4,c:1) 0.2849 0.2683 0.2847 0.2803 0.3617 0.2955 0.2959 0.3422 0.3016 0.3511 0.4077 0.4067 0.4229 0.4066 0.4821 0.4269 0.4359 0.4490 0.4376 0.4656
(d:5,c:0) 0.3196 0.2863 0.2819 0.3042 0.2569 0.3191 0.2739 0.2731 0.2981 0.2771 0.2413 0.2542 0.2296 0.2459 0.2045 0.2679 0.2177 0.1881 0.2577 0.2001
(d:5,c:1) 0.2729 0.2515 0.2435 0.2709 0.2566 0.2890 0.2424 0.2728 0.2682 0.2740 0.4031 0.4018 0.3856 0.4121 0.3948 0.4382 0.3851 0.3918 0.4215 0.4053
(d:6,c:0) 0.3473 0.2945 0.3301 0.3088 0.3044 0.3250 0.3668 0.2926 0.3235 0.3106 0.1776 0.1863 0.1908 0.1676 0.1630 0.1825 0.2111 0.1354 0.1857 0.1438
(d:6,c:1) 0.2757 0.2331 0.2752 0.2461 0.2887 0.2641 0.3302 0.2685 0.2698 0.2868 0.2929 0.2856 0.3078 0.2833 0.3150 0.2981 0.3480 0.2992 0.2994 0.3070
(d:7,c:0) 0.2955 0.2754 0.2722 0.2803 0.2580 0.2874 0.2602 0.3042 0.2803 0.2788 0.2651 0.2880 0.2643 0.2635 0.2589 0.2778 0.2470 0.3075 0.2840 0.2664
(d:7,c:1) 0.1878 0.1878 0.1821 0.1888 0.2121 0.1950 0.1776 0.2606 0.1944 0.2265 0.3867 0.3949 0.3841 0.3876 0.4208 0.4006 0.3793 0.4970 0.4051 0.4458
(d:8,c:0) 0.2065 0.2026 0.1994 0.2028 0.1830 0.2097 0.1853 0.1913 0.2145 0.1942 0.1133 0.1298 0.1182 0.1165 0.1009 0.1231 0.1062 0.0930 0.1305 0.0977
(d:8,c:1) 0.1436 0.1517 0.1472 0.1495 0.1537 0.1559 0.1368 0.1599 0.1654 0.1609 0.1646 0.1729 0.1692 0.1696 0.1728 0.1749 0.1642 0.1740 0.1816 0.1778
(d:9,c:0) 0.2206 0.2099 0.2095 0.2136 0.2063 0.2200 0.2059 0.2142 0.2180 0.2209 0.1944 0.2205 0.2066 0.2026 0.2162 0.2171 0.2058 0.1997 0.2261 0.2188
(d:9,c:1) 0.1267 0.1314 0.1297 0.1321 0.1586 0.1376 0.1325 0.1630 0.1407 0.1673 0.2608 0.2759 0.2728 0.2716 0.3130 0.2846 0.2828 0.3084 0.2923 0.3270

StR-rec Reconstruction Similarities:
--------------------------------
Average similarity: 0.3129

Per-combination similarities:
Digit 0, Color 0: 0.4065
Digit 0, Color 1: 0.1645
Digit 1, Color 0: 0.4490
Digit 1, Color 1: 0.2185
Digit 2, Color 0: 0.4286
Digit 2, Color 1: 0.2236
Digit 3, Color 0: 0.4014
Digit 3, Color 1: 0.2177
Digit 4, Color 0: 0.4303
Digit 4, Color 1: 0.2036
Digit 5, Color 0: 0.2041
Digit 5, Color 1: 0.3533
Digit 6, Color 0: 0.2326
Digit 6, Color 1: 0.4247
Digit 7, Color 0: 0.2232
Digit 7, Color 1: 0.4336
Digit 8, Color 0: 0.1964
Digit 8, Color 1: 0.4243
Digit 9, Color 0: 0.2113
Digit 9, Color 1: 0.4098
