Colored MNIST Experiment Results
==============================

Supervised Decoder:
------------------
Training:
Digit accuracy: 0.8034
Color accuracy: 0.9999
Full accuracy: 0.8034

Testing:
Digit accuracy: 0.6833
Color accuracy: 1.0000
Full accuracy: 0.6833

RtS Classification:
------------------
Training:
Digit accuracy: 0.7281
Color accuracy: 0.8076
Full accuracy: 0.5743

Testing:
Digit accuracy: 0.6045
Color accuracy: 0.8953
Full accuracy: 0.5400

StR-rep Cosine Similarities:
---------------------------
Average diagonal (matching pairs): 0.2397
Average off-diagonal (non-matching pairs): 0.2320

Full association matrix:
(d:0,c:0) 0.3436 0.2332 0.3316 0.3530 0.3432 0.3411 0.3255 0.3090 0.3280 0.3127 0.2894 0.2671 0.2916 0.3118 0.2847 0.3035 0.2705 0.2935 0.2918 0.2749
(d:0,c:1) 0.1883 0.0955 0.1610 0.2256 0.1891 0.2028 0.1541 0.1825 0.1800 0.1768 0.2246 0.2116 0.2195 0.2736 0.2316 0.2617 0.1980 0.2605 0.2470 0.2401
(d:1,c:0) 0.2323 0.3150 0.2732 0.3031 0.2672 0.2878 0.2745 0.2410 0.2778 0.2490 0.1728 0.3272 0.2517 0.2564 0.2206 0.2297 0.2132 0.2484 0.2311 0.2221
(d:1,c:1) 0.1447 0.1870 0.1554 0.2355 0.1735 0.2066 0.1532 0.1702 0.1828 0.1675 0.1772 0.3015 0.2325 0.2819 0.2264 0.2534 0.1934 0.2742 0.2467 0.2442
(d:2,c:0) 0.2644 0.2186 0.3178 0.2950 0.3085 0.2745 0.2938 0.2605 0.2866 0.2661 0.2185 0.2540 0.2776 0.2614 0.2510 0.2429 0.2419 0.2453 0.2507 0.2296
(d:2,c:1) 0.1636 0.1084 0.1844 0.2173 0.1977 0.1870 0.1634 0.1772 0.1821 0.1733 0.1999 0.2281 0.2379 0.2662 0.2343 0.2458 0.2034 0.2529 0.2447 0.2329
(d:3,c:0) 0.2584 0.2048 0.2698 0.3293 0.2864 0.2937 0.2546 0.2625 0.2789 0.2638 0.2061 0.2395 0.2374 0.2829 0.2373 0.2562 0.2052 0.2581 0.2482 0.2367
(d:3,c:1) 0.1419 0.0886 0.1331 0.2152 0.1614 0.1788 0.1205 0.1587 0.1570 0.1527 0.1673 0.1908 0.1827 0.2473 0.1965 0.2241 0.1547 0.2298 0.2128 0.2086
(d:4,c:0) 0.2736 0.2069 0.2954 0.3121 0.3398 0.2973 0.2959 0.2889 0.2956 0.2992 0.2255 0.2493 0.2627 0.2784 0.2851 0.2668 0.2441 0.2801 0.2666 0.2675
(d:4,c:1) 0.1532 0.0884 0.1500 0.2083 0.1993 0.1842 0.1476 0.1792 0.1699 0.1786 0.1869 0.2045 0.2062 0.2548 0.2368 0.2409 0.1863 0.2549 0.2342 0.2386
(d:5,c:0) 0.2816 0.2116 0.2815 0.3271 0.3173 0.3178 0.2859 0.2819 0.2983 0.2894 0.2323 0.2486 0.2495 0.2869 0.2573 0.2804 0.2315 0.2701 0.2655 0.2539
(d:5,c:1) 0.1552 0.0897 0.1375 0.2136 0.1799 0.1938 0.1377 0.1706 0.1679 0.1681 0.1872 0.1994 0.1927 0.2546 0.2130 0.2444 0.1737 0.2424 0.2281 0.2241
(d:6,c:0) 0.2814 0.2235 0.3136 0.2983 0.3310 0.2956 0.3387 0.2631 0.2975 0.2823 0.2425 0.2558 0.2761 0.2644 0.2623 0.2628 0.2803 0.2423 0.2599 0.2378
(d:6,c:1) 0.1805 0.1123 0.1842 0.2280 0.2203 0.2092 0.2005 0.1847 0.1951 0.1907 0.2289 0.2411 0.2481 0.2840 0.2555 0.2756 0.2428 0.2654 0.2655 0.2527
(d:7,c:0) 0.2611 0.1994 0.2707 0.3091 0.3074 0.2886 0.2607 0.3025 0.2806 0.2875 0.2131 0.2389 0.2402 0.2738 0.2560 0.2592 0.2150 0.2913 0.2542 0.2577
(d:7,c:1) 0.1404 0.0819 0.1299 0.1987 0.1716 0.1723 0.1208 0.1821 0.1548 0.1651 0.1708 0.1891 0.1829 0.2403 0.2077 0.2251 0.1597 0.2508 0.2158 0.2216
(d:8,c:0) 0.2537 0.2107 0.2743 0.2981 0.2915 0.2815 0.2603 0.2646 0.2834 0.2677 0.2545 0.2935 0.2911 0.3126 0.2891 0.3034 0.2596 0.3006 0.3114 0.2880
(d:8,c:1) 0.1324 0.0846 0.1276 0.1908 0.1581 0.1657 0.1156 0.1553 0.1536 0.1496 0.2004 0.2274 0.2182 0.2708 0.2325 0.2587 0.1902 0.2618 0.2573 0.2458
(d:9,c:0) 0.2456 0.1907 0.2596 0.2908 0.2961 0.2736 0.2545 0.2694 0.2688 0.2738 0.2048 0.2308 0.2332 0.2611 0.2507 0.2493 0.2132 0.2649 0.2465 0.2494
(d:9,c:1) 0.1357 0.0803 0.1283 0.1934 0.1709 0.1686 0.1222 0.1664 0.1530 0.1623 0.1702 0.1892 0.1839 0.2384 0.2102 0.2247 0.1635 0.2399 0.2167 0.2222

StR-rec Reconstruction Similarities:
--------------------------------
Average similarity: 0.3133

Per-combination similarities:
Digit 0, Color 0: 0.4065
Digit 0, Color 1: 0.1709
Digit 1, Color 0: 0.4685
Digit 1, Color 1: 0.2143
Digit 2, Color 0: 0.4362
Digit 2, Color 1: 0.2177
Digit 3, Color 0: 0.4005
Digit 3, Color 1: 0.2156
Digit 4, Color 0: 0.4226
Digit 4, Color 1: 0.2045
Digit 5, Color 0: 0.2028
Digit 5, Color 1: 0.3384
Digit 6, Color 0: 0.2283
Digit 6, Color 1: 0.4303
Digit 7, Color 0: 0.2190
Digit 7, Color 1: 0.4447
Digit 8, Color 0: 0.1973
Digit 8, Color 1: 0.4269
Digit 9, Color 0: 0.2160
Digit 9, Color 1: 0.4048
