Colored MNIST Experiment Results
==============================

Supervised Decoder:
------------------
Training:
Digit accuracy: 0.7864
Color accuracy: 1.0000
Full accuracy: 0.7864

Testing:
Digit accuracy: 0.6467
Color accuracy: 1.0000
Full accuracy: 0.6467

RtS Classification:
------------------
Training:
Digit accuracy: 0.7044
Color accuracy: 1.0000
Full accuracy: 0.7044

Testing:
Digit accuracy: 0.5224
Color accuracy: 1.0000
Full accuracy: 0.5224

StR-rep Cosine Similarities:
---------------------------
Average diagonal (matching pairs): 0.3775
Average off-diagonal (non-matching pairs): 0.3786

Full association matrix:
(d:0,c:0) 0.5802 0.4501 0.5101 0.5089 0.4797 0.5270 0.5143 0.4807 0.5035 0.4840 0.4529 0.3004 0.3654 0.3620 0.3346 0.3787 0.3771 0.3471 0.3507 0.3375
(d:0,c:1) 0.4182 0.3021 0.3443 0.3536 0.3256 0.3733 0.3396 0.3239 0.3537 0.3313 0.6065 0.4646 0.5241 0.5296 0.4977 0.5496 0.5234 0.5085 0.5283 0.5061
(d:1,c:0) 0.4021 0.5454 0.4574 0.4539 0.4144 0.4385 0.4337 0.4307 0.4559 0.4308 0.2648 0.4135 0.3167 0.3089 0.2758 0.2974 0.3012 0.3008 0.3109 0.2876
(d:1,c:1) 0.2539 0.4061 0.3041 0.3102 0.2721 0.2966 0.2728 0.2858 0.3171 0.2896 0.4036 0.5578 0.4583 0.4587 0.4218 0.4506 0.4320 0.4450 0.4696 0.4385
(d:2,c:0) 0.4562 0.4568 0.5163 0.4642 0.4508 0.4471 0.4793 0.4420 0.4625 0.4405 0.3296 0.3253 0.3951 0.3298 0.3222 0.3105 0.3627 0.3141 0.3269 0.3051
(d:2,c:1) 0.3094 0.3215 0.3646 0.3227 0.3103 0.3074 0.3200 0.2992 0.3259 0.3014 0.4701 0.4739 0.5385 0.4821 0.4702 0.4662 0.4954 0.4608 0.4881 0.4583
(d:3,c:0) 0.5095 0.5215 0.5262 0.5834 0.4857 0.5429 0.4973 0.4874 0.5350 0.4998 0.3552 0.3541 0.3698 0.4219 0.3292 0.3752 0.3470 0.3381 0.3643 0.3368
(d:3,c:1) 0.3479 0.3722 0.3597 0.4267 0.3311 0.3885 0.3225 0.3302 0.3842 0.3465 0.5076 0.5154 0.5260 0.5864 0.4901 0.5437 0.4914 0.4973 0.5393 0.5031
(d:4,c:0) 0.4633 0.4512 0.4824 0.4571 0.5456 0.4726 0.5042 0.4844 0.4846 0.5154 0.3237 0.2951 0.3382 0.3107 0.4005 0.3272 0.3674 0.3506 0.3341 0.3705
(d:4,c:1) 0.3060 0.3061 0.3203 0.3056 0.3935 0.3225 0.3332 0.3307 0.3378 0.3652 0.4712 0.4516 0.4893 0.4708 0.5547 0.4905 0.5063 0.5041 0.5035 0.5305
(d:5,c:0) 0.4878 0.4724 0.4733 0.5012 0.4699 0.5224 0.4759 0.4647 0.4995 0.4851 0.3493 0.3185 0.3276 0.3528 0.3246 0.3725 0.3387 0.3274 0.3445 0.3348
(d:5,c:1) 0.3330 0.3297 0.3144 0.3518 0.3218 0.3742 0.3087 0.3143 0.3552 0.3381 0.4920 0.4702 0.4746 0.5077 0.4754 0.5303 0.4739 0.4767 0.5088 0.4908
(d:6,c:0) 0.4095 0.3873 0.4300 0.3922 0.4086 0.4056 0.4822 0.3702 0.4059 0.4008 0.2085 0.1931 0.2178 0.1941 0.2073 0.2004 0.2468 0.1961 0.2022 0.2031
(d:6,c:1) 0.3123 0.2988 0.3305 0.2986 0.3168 0.3143 0.3792 0.2737 0.3175 0.3096 0.3490 0.3397 0.3621 0.3439 0.3542 0.3535 0.3833 0.3410 0.3605 0.3542
(d:7,c:0) 0.4289 0.4256 0.4286 0.4360 0.4646 0.4416 0.4219 0.5437 0.4464 0.4902 0.2045 0.1982 0.2045 0.2048 0.2170 0.2083 0.2084 0.2622 0.2074 0.2263
(d:7,c:1) 0.3123 0.3199 0.3081 0.3250 0.3555 0.3323 0.2934 0.4360 0.3406 0.3837 0.3514 0.3526 0.3550 0.3631 0.3715 0.3697 0.3483 0.4175 0.3744 0.3862
(d:8,c:0) 0.2885 0.3091 0.3082 0.3062 0.2946 0.3096 0.3003 0.2895 0.3209 0.2981 0.2541 0.2820 0.2796 0.2664 0.2570 0.2764 0.2677 0.2591 0.2986 0.2624
(d:8,c:1) 0.1655 0.1928 0.1808 0.1858 0.1756 0.1900 0.1677 0.1692 0.2029 0.1798 0.3378 0.3695 0.3641 0.3576 0.3458 0.3691 0.3451 0.3467 0.3938 0.3544
(d:9,c:0) 0.3799 0.3759 0.3887 0.3856 0.4213 0.3941 0.4005 0.4140 0.4004 0.4313 0.3283 0.3185 0.3338 0.3290 0.4022 0.3465 0.3561 0.4077 0.3533 0.4178
(d:9,c:1) 0.2173 0.2243 0.2215 0.2275 0.2611 0.2369 0.2249 0.2522 0.2457 0.2715 0.4357 0.4342 0.4441 0.4473 0.5105 0.4663 0.4543 0.5143 0.4780 0.5295

StR-rec Reconstruction Similarities:
--------------------------------
Average similarity: 0.3134

Per-combination similarities:
Digit 0, Color 0: 0.4090
Digit 0, Color 1: 0.1760
Digit 1, Color 0: 0.4515
Digit 1, Color 1: 0.2198
Digit 2, Color 0: 0.4379
Digit 2, Color 1: 0.2224
Digit 3, Color 0: 0.4031
Digit 3, Color 1: 0.2130
Digit 4, Color 0: 0.4260
Digit 4, Color 1: 0.2028
Digit 5, Color 0: 0.2024
Digit 5, Color 1: 0.3333
Digit 6, Color 0: 0.2343
Digit 6, Color 1: 0.4243
Digit 7, Color 0: 0.2177
Digit 7, Color 1: 0.4439
Digit 8, Color 0: 0.1969
Digit 8, Color 1: 0.4354
Digit 9, Color 0: 0.2113
Digit 9, Color 1: 0.4081
