Colored MNIST Experiment Results
==============================

Supervised Decoder:
------------------
Training:
Digit accuracy: 0.7830
Color accuracy: 1.0000
Full accuracy: 0.7830

Testing:
Digit accuracy: 0.6540
Color accuracy: 1.0000
Full accuracy: 0.6540

RtS Classification:
------------------
Training:
Digit accuracy: 0.7129
Color accuracy: 1.0000
Full accuracy: 0.7129

Testing:
Digit accuracy: 0.5349
Color accuracy: 1.0000
Full accuracy: 0.5349

StR-rep Cosine Similarities:
---------------------------
Average diagonal (matching pairs): 0.2972
Average off-diagonal (non-matching pairs): 0.3001

Full association matrix:
(d:0,c:0) 0.5645 0.4407 0.4875 0.4887 0.4653 0.5086 0.4978 0.4631 0.4838 0.4674 0.4354 0.2975 0.3507 0.3513 0.3267 0.3701 0.3659 0.3389 0.3405 0.3302
(d:0,c:1) 0.4063 0.3012 0.3325 0.3401 0.3173 0.3603 0.3303 0.3161 0.3433 0.3229 0.5847 0.4668 0.5078 0.5166 0.4885 0.5384 0.5111 0.4998 0.5188 0.4989
(d:1,c:0) 0.2709 0.3682 0.3048 0.3005 0.2762 0.2922 0.2894 0.2843 0.3037 0.2835 0.1778 0.2827 0.2130 0.2076 0.1854 0.1979 0.1989 0.1985 0.2079 0.1912
(d:1,c:1) 0.1691 0.2769 0.2044 0.2042 0.1805 0.1963 0.1812 0.1892 0.2125 0.1900 0.2730 0.3889 0.3125 0.3124 0.2882 0.3048 0.2910 0.3005 0.3210 0.2982
(d:2,c:0) 0.4006 0.4067 0.4494 0.4030 0.3967 0.3918 0.4227 0.3861 0.4051 0.3888 0.2925 0.2949 0.3476 0.2953 0.2895 0.2780 0.3211 0.2881 0.2918 0.2786
(d:2,c:1) 0.2692 0.2901 0.3199 0.2791 0.2733 0.2683 0.2830 0.2636 0.2879 0.2683 0.4166 0.4348 0.4772 0.4322 0.4234 0.4176 0.4412 0.4214 0.4394 0.4183
(d:3,c:0) 0.4929 0.5005 0.4983 0.5558 0.4636 0.5158 0.4745 0.4663 0.5052 0.4728 0.3459 0.3493 0.3491 0.4058 0.3164 0.3659 0.3319 0.3259 0.3520 0.3253
(d:3,c:1) 0.3308 0.3554 0.3386 0.4009 0.3115 0.3623 0.3033 0.3151 0.3593 0.3238 0.4842 0.5059 0.4944 0.5575 0.4669 0.5217 0.4662 0.4754 0.5176 0.4823
(d:4,c:0) 0.4597 0.4362 0.4732 0.4567 0.5314 0.4698 0.4928 0.4788 0.4769 0.5065 0.3231 0.2949 0.3330 0.3113 0.4002 0.3271 0.3627 0.3530 0.3335 0.3699
(d:4,c:1) 0.3024 0.2966 0.3184 0.3083 0.3824 0.3216 0.3254 0.3315 0.3360 0.3612 0.4663 0.4572 0.4831 0.4698 0.5539 0.4884 0.5009 0.5065 0.5042 0.5307
(d:5,c:0) 0.3219 0.3079 0.3022 0.3237 0.3064 0.3402 0.3070 0.3054 0.3230 0.3151 0.2297 0.2091 0.2059 0.2293 0.2159 0.2465 0.2175 0.2225 0.2257 0.2260
(d:5,c:1) 0.2162 0.2139 0.1988 0.2237 0.2072 0.2400 0.1955 0.2068 0.2280 0.2178 0.3193 0.3112 0.3007 0.3287 0.3134 0.3474 0.3045 0.3192 0.3333 0.3276
(d:6,c:0) 0.2740 0.2581 0.2776 0.2563 0.2694 0.2674 0.3164 0.2481 0.2657 0.2642 0.1353 0.1247 0.1373 0.1261 0.1324 0.1314 0.1605 0.1258 0.1283 0.1300
(d:6,c:1) 0.2005 0.1935 0.2057 0.1870 0.2009 0.1987 0.2390 0.1794 0.2010 0.1973 0.2207 0.2198 0.2266 0.2194 0.2240 0.2265 0.2442 0.2168 0.2286 0.2252
(d:7,c:0) 0.3446 0.3447 0.3419 0.3465 0.3694 0.3541 0.3410 0.4309 0.3545 0.3854 0.1709 0.1673 0.1688 0.1689 0.1819 0.1727 0.1722 0.2155 0.1717 0.1892
(d:7,c:1) 0.2448 0.2574 0.2440 0.2531 0.2770 0.2612 0.2342 0.3407 0.2670 0.2958 0.2819 0.2916 0.2848 0.2908 0.3016 0.2968 0.2800 0.3354 0.3027 0.3139
(d:8,c:0) 0.1769 0.1793 0.1817 0.1796 0.1767 0.1829 0.1764 0.1744 0.1895 0.1797 0.1524 0.1584 0.1597 0.1558 0.1537 0.1606 0.1529 0.1536 0.1728 0.1582
(d:8,c:1) 0.1054 0.1149 0.1110 0.1117 0.1091 0.1149 0.1010 0.1073 0.1243 0.1133 0.2058 0.2192 0.2157 0.2153 0.2118 0.2211 0.2045 0.2115 0.2366 0.2189
(d:9,c:0) 0.2275 0.2249 0.2271 0.2310 0.2474 0.2350 0.2361 0.2432 0.2350 0.2522 0.1964 0.1908 0.1920 0.1975 0.2370 0.2062 0.2108 0.2357 0.2059 0.2456
(d:9,c:1) 0.1365 0.1436 0.1376 0.1447 0.1609 0.1489 0.1396 0.1574 0.1529 0.1674 0.2714 0.2762 0.2711 0.2808 0.3170 0.2909 0.2828 0.3152 0.2958 0.3289

StR-rec Reconstruction Similarities:
--------------------------------
Average similarity: 0.3129

Per-combination similarities:
Digit 0, Color 0: 0.4098
Digit 0, Color 1: 0.1751
Digit 1, Color 0: 0.4510
Digit 1, Color 1: 0.2182
Digit 2, Color 0: 0.4395
Digit 2, Color 1: 0.2210
Digit 3, Color 0: 0.3932
Digit 3, Color 1: 0.2158
Digit 4, Color 0: 0.4343
Digit 4, Color 1: 0.2036
Digit 5, Color 0: 0.2036
Digit 5, Color 1: 0.3332
Digit 6, Color 0: 0.2329
Digit 6, Color 1: 0.4251
Digit 7, Color 0: 0.2168
Digit 7, Color 1: 0.4446
Digit 8, Color 0: 0.2007
Digit 8, Color 1: 0.4273
Digit 9, Color 0: 0.2087
Digit 9, Color 1: 0.4046
