Colored MNIST Experiment Results
==============================

Supervised Decoder:
------------------
Training:
Digit accuracy: 0.7530
Color accuracy: 0.9930
Full accuracy: 0.7492

Testing:
Digit accuracy: 0.6255
Color accuracy: 0.9910
Full accuracy: 0.6200

RtS Classification:
------------------
Training:
Digit accuracy: 0.7243
Color accuracy: 0.9517
Full accuracy: 0.6886

Testing:
Digit accuracy: 0.5798
Color accuracy: 0.9539
Full accuracy: 0.5499

StR-rep Cosine Similarities:
---------------------------
Average diagonal (matching pairs): 0.3264
Average off-diagonal (non-matching pairs): 0.3209

Full association matrix:
(d:0,c:0) 0.4024 0.2926 0.3860 0.3425 0.3207 0.3592 0.3374 0.3803 0.3801 0.3598 0.3078 0.1446 0.2460 0.2345 0.1890 0.2474 0.2091 0.1692 0.2420 0.1755
(d:0,c:1) 0.3674 0.1937 0.2860 0.3207 0.2735 0.3298 0.3142 0.3208 0.3279 0.3350 0.4624 0.2979 0.3950 0.4084 0.3635 0.4352 0.4006 0.3856 0.4238 0.4033
(d:1,c:0) 0.2924 0.4715 0.3981 0.3388 0.2935 0.3034 0.2962 0.3683 0.3653 0.3367 0.1310 0.3371 0.2579 0.2264 0.1728 0.2001 0.1520 0.1680 0.2497 0.1755
(d:1,c:1) 0.2281 0.4208 0.3048 0.3131 0.2395 0.2580 0.2604 0.3059 0.3088 0.3033 0.2237 0.5203 0.3921 0.3785 0.3242 0.3552 0.3085 0.3611 0.4127 0.3792
(d:2,c:0) 0.3124 0.3744 0.4786 0.3468 0.3281 0.3297 0.3459 0.3796 0.3940 0.3621 0.1753 0.2063 0.3394 0.2405 0.2107 0.1984 0.2039 0.2179 0.2573 0.1922
(d:2,c:1) 0.2650 0.3144 0.4248 0.3406 0.2967 0.3057 0.3396 0.3357 0.3622 0.3529 0.2992 0.3850 0.5282 0.4255 0.3995 0.3800 0.4016 0.4562 0.4534 0.4318
(d:3,c:0) 0.3125 0.3199 0.3747 0.4209 0.3111 0.3754 0.2824 0.3570 0.3836 0.3421 0.1731 0.1918 0.2506 0.3355 0.1794 0.2613 0.1529 0.1814 0.2442 0.1849
(d:3,c:1) 0.2288 0.2097 0.2487 0.3767 0.2364 0.3149 0.2201 0.2639 0.3001 0.2809 0.2521 0.3109 0.3498 0.4694 0.3042 0.3940 0.2836 0.3460 0.3709 0.3581
(d:4,c:0) 0.2973 0.3723 0.4031 0.3478 0.4286 0.3488 0.3512 0.4306 0.4111 0.4290 0.1683 0.1697 0.2400 0.1968 0.2981 0.1927 0.2018 0.2244 0.2455 0.2435
(d:4,c:1) 0.2264 0.2882 0.2999 0.3190 0.4013 0.3082 0.3234 0.3753 0.3580 0.4128 0.2762 0.3218 0.3776 0.3511 0.4908 0.3559 0.3814 0.4449 0.4175 0.4781
(d:5,c:0) 0.3603 0.4015 0.4264 0.4243 0.3635 0.4550 0.3555 0.4230 0.4534 0.4244 0.2190 0.2068 0.2551 0.2780 0.2408 0.3185 0.2208 0.2077 0.2969 0.2429
(d:5,c:1) 0.2859 0.3020 0.3035 0.3969 0.3016 0.4217 0.3123 0.3439 0.3892 0.3886 0.3414 0.3740 0.3986 0.4568 0.4252 0.5174 0.4124 0.4347 0.4860 0.4882
(d:6,c:0) 0.3616 0.3875 0.4720 0.3813 0.3876 0.3899 0.4692 0.4260 0.4453 0.4235 0.1744 0.1877 0.2627 0.2274 0.2138 0.2046 0.2086 0.2099 0.2399 0.1971
(d:6,c:1) 0.2747 0.2730 0.3442 0.3267 0.3154 0.3248 0.4285 0.3316 0.3610 0.3678 0.2670 0.3258 0.3809 0.3671 0.3644 0.3507 0.3693 0.4056 0.3872 0.4002
(d:7,c:0) 0.2845 0.3482 0.4050 0.3224 0.3163 0.3066 0.3123 0.4246 0.3767 0.3686 0.1343 0.2266 0.2616 0.2233 0.2675 0.1888 0.1594 0.3701 0.2643 0.2759
(d:7,c:1) 0.1808 0.2217 0.2599 0.2479 0.2248 0.2202 0.2370 0.3172 0.2716 0.2912 0.2036 0.3423 0.3520 0.3347 0.3942 0.3061 0.2865 0.5462 0.3841 0.4523
(d:8,c:0) 0.3127 0.3608 0.4198 0.3568 0.3479 0.3722 0.3174 0.4090 0.4514 0.3902 0.1246 0.1398 0.2016 0.1830 0.1917 0.1789 0.1429 0.1845 0.2252 0.1710
(d:8,c:1) 0.2754 0.3085 0.3610 0.3619 0.3322 0.3708 0.3099 0.3859 0.4489 0.3987 0.2279 0.2900 0.3411 0.3428 0.3668 0.3468 0.3126 0.4014 0.4040 0.3925
(d:9,c:0) 0.3040 0.3917 0.4029 0.3675 0.3502 0.3643 0.3187 0.4101 0.3940 0.4186 0.1796 0.2281 0.2857 0.2652 0.3410 0.2765 0.2581 0.3005 0.3204 0.3640
(d:9,c:1) 0.1866 0.2499 0.2363 0.2827 0.2462 0.2678 0.2306 0.2832 0.2728 0.3300 0.2552 0.3490 0.3799 0.3842 0.4779 0.4058 0.3996 0.4787 0.4486 0.5557

StR-rec Reconstruction Similarities:
--------------------------------
Average similarity: 0.3121

Per-combination similarities:
Digit 0, Color 0: 0.4048
Digit 0, Color 1: 0.1709
Digit 1, Color 0: 0.4524
Digit 1, Color 1: 0.2122
Digit 2, Color 0: 0.4375
Digit 2, Color 1: 0.2245
Digit 3, Color 0: 0.4022
Digit 3, Color 1: 0.2181
Digit 4, Color 0: 0.4171
Digit 4, Color 1: 0.2058
Digit 5, Color 0: 0.2066
Digit 5, Color 1: 0.3354
Digit 6, Color 0: 0.2338
Digit 6, Color 1: 0.4396
Digit 7, Color 0: 0.2190
Digit 7, Color 1: 0.4320
Digit 8, Color 0: 0.1943
Digit 8, Color 1: 0.4209
Digit 9, Color 0: 0.2156
Digit 9, Color 1: 0.3997
