Colored MNIST Experiment Results
==============================

Supervised Decoder:
------------------
Training:
Digit accuracy: 0.6691
Color accuracy: 0.9929
Full accuracy: 0.6657

Testing:
Digit accuracy: 0.5422
Color accuracy: 0.9899
Full accuracy: 0.5379

RtS Classification:
------------------
Training:
Digit accuracy: 0.5427
Color accuracy: 0.7489
Full accuracy: 0.4037

Testing:
Digit accuracy: 0.4194
Color accuracy: 0.7424
Full accuracy: 0.3106

StR-rep Cosine Similarities:
---------------------------
Average diagonal (matching pairs): 0.4627
Average off-diagonal (non-matching pairs): 0.4563

Full association matrix:
(d:0,c:0) 0.6072 0.3683 0.6109 0.5988 0.5260 0.5634 0.5376 0.5172 0.5611 0.4923 0.3608 0.3105 0.4751 0.5430 0.4411 0.4873 0.4497 0.4612 0.4631 0.4785
(d:0,c:1) 0.4499 0.1979 0.3286 0.4200 0.3183 0.4140 0.3125 0.3346 0.4111 0.3454 0.3961 0.2978 0.3425 0.4900 0.4583 0.5237 0.3506 0.4154 0.4688 0.4752
(d:1,c:0) 0.5396 0.5980 0.7019 0.6004 0.5170 0.5684 0.5678 0.5652 0.5844 0.5120 0.3041 0.4916 0.5225 0.5306 0.3566 0.4136 0.4647 0.4657 0.4435 0.4260
(d:1,c:1) 0.4816 0.4403 0.4601 0.5055 0.3639 0.5052 0.3909 0.4409 0.5184 0.4329 0.4500 0.5417 0.4570 0.5975 0.4998 0.5947 0.4415 0.5204 0.5721 0.5482
(d:2,c:0) 0.4797 0.3556 0.6274 0.5370 0.5013 0.4719 0.5013 0.4490 0.4888 0.4445 0.2357 0.3039 0.5048 0.4513 0.3429 0.3530 0.4233 0.3895 0.3642 0.3723
(d:2,c:1) 0.4943 0.2749 0.4966 0.5261 0.4303 0.4830 0.4119 0.4032 0.4996 0.4358 0.4025 0.4006 0.5134 0.5760 0.5181 0.5665 0.4607 0.4947 0.5330 0.5348
(d:3,c:0) 0.5729 0.3833 0.6211 0.6170 0.5232 0.5612 0.5280 0.5097 0.5618 0.4929 0.3125 0.3431 0.4909 0.5572 0.4243 0.4744 0.4372 0.4521 0.4572 0.4662
(d:3,c:1) 0.4474 0.2254 0.3622 0.4595 0.3379 0.4356 0.3271 0.3500 0.4349 0.3662 0.3719 0.3370 0.3749 0.5240 0.4629 0.5333 0.3591 0.4271 0.4832 0.4850
(d:4,c:0) 0.6194 0.4104 0.6616 0.6599 0.6455 0.5996 0.5933 0.5906 0.6042 0.5868 0.3371 0.3281 0.5160 0.5312 0.5154 0.4654 0.5107 0.4970 0.4655 0.5128
(d:4,c:1) 0.4783 0.2334 0.3721 0.4842 0.4210 0.4599 0.3627 0.4030 0.4621 0.4336 0.4046 0.3301 0.3886 0.5084 0.5481 0.5418 0.4154 0.4676 0.5010 0.5327
(d:5,c:0) 0.5870 0.3968 0.6321 0.6266 0.5469 0.5866 0.5479 0.5265 0.5792 0.5123 0.3226 0.3315 0.4921 0.5502 0.4289 0.4828 0.4470 0.4562 0.4566 0.4682
(d:5,c:1) 0.4570 0.2321 0.3643 0.4645 0.3526 0.4543 0.3382 0.3601 0.4470 0.3796 0.3843 0.3294 0.3741 0.5203 0.4707 0.5453 0.3664 0.4320 0.4865 0.4902
(d:6,c:0) 0.4873 0.3668 0.5789 0.4898 0.5227 0.4678 0.6105 0.4593 0.4605 0.4574 0.1317 0.1767 0.3314 0.2821 0.2590 0.2126 0.3124 0.3130 0.2500 0.2936
(d:6,c:1) 0.5029 0.2893 0.4488 0.4767 0.4557 0.4792 0.5318 0.4160 0.4698 0.4506 0.2875 0.2625 0.3283 0.3925 0.4246 0.4117 0.3417 0.4110 0.4073 0.4472
(d:7,c:0) 0.5590 0.4106 0.6264 0.6192 0.5471 0.5596 0.5429 0.5514 0.5760 0.5278 0.3739 0.3786 0.5471 0.5813 0.4962 0.5112 0.5152 0.5561 0.5090 0.5393
(d:7,c:1) 0.4266 0.2318 0.3414 0.4481 0.3396 0.4245 0.3199 0.3687 0.4362 0.3834 0.4306 0.3676 0.4103 0.5441 0.5284 0.5738 0.4157 0.5107 0.5315 0.5494
(d:8,c:0) 0.5862 0.4210 0.6583 0.6325 0.5558 0.5814 0.5546 0.5413 0.5994 0.5250 0.2999 0.3370 0.5017 0.5408 0.4217 0.4602 0.4400 0.4568 0.4528 0.4602
(d:8,c:1) 0.4686 0.2588 0.3966 0.4820 0.3699 0.4622 0.3533 0.3823 0.4758 0.4004 0.3750 0.3423 0.3921 0.5259 0.4765 0.5402 0.3703 0.4436 0.4956 0.4958
(d:9,c:0) 0.5711 0.3648 0.6144 0.6079 0.5414 0.5499 0.5444 0.5281 0.5572 0.5150 0.3499 0.3538 0.5131 0.5706 0.4901 0.5039 0.4876 0.5013 0.4950 0.5304
(d:9,c:1) 0.4217 0.1936 0.3286 0.4260 0.3284 0.4031 0.3157 0.3416 0.4074 0.3619 0.3896 0.3319 0.3710 0.5122 0.4977 0.5388 0.3795 0.4469 0.4951 0.5166

StR-rec Reconstruction Similarities:
--------------------------------
Average similarity: 0.3133

Per-combination similarities:
Digit 0, Color 0: 0.4052
Digit 0, Color 1: 0.1701
Digit 1, Color 0: 0.4575
Digit 1, Color 1: 0.2168
Digit 2, Color 0: 0.4426
Digit 2, Color 1: 0.2258
Digit 3, Color 0: 0.3958
Digit 3, Color 1: 0.2130
Digit 4, Color 0: 0.4260
Digit 4, Color 1: 0.1990
Digit 5, Color 0: 0.2049
Digit 5, Color 1: 0.3448
Digit 6, Color 0: 0.2262
Digit 6, Color 1: 0.4315
Digit 7, Color 0: 0.2151
Digit 7, Color 1: 0.4345
Digit 8, Color 0: 0.1998
Digit 8, Color 1: 0.4298
Digit 9, Color 0: 0.2156
Digit 9, Color 1: 0.4111
