Colored MNIST Experiment Results
==============================

Supervised Decoder:
------------------
Training:
Digit accuracy: 0.8198
Color accuracy: 1.0000
Full accuracy: 0.8198

Testing:
Digit accuracy: 0.7001
Color accuracy: 1.0000
Full accuracy: 0.7001

RtS Classification:
------------------
Training:
Digit accuracy: 0.7961
Color accuracy: 0.9405
Full accuracy: 0.7373

Testing:
Digit accuracy: 0.6784
Color accuracy: 1.0000
Full accuracy: 0.6784

StR-rep Cosine Similarities:
---------------------------
Average diagonal (matching pairs): 0.3769
Average off-diagonal (non-matching pairs): 0.3723

Full association matrix:
(d:0,c:0) 0.5650 0.4097 0.4772 0.4843 0.4435 0.5017 0.4779 0.4458 0.4681 0.4482 0.3976 0.2561 0.3127 0.3118 0.3009 0.3376 0.3285 0.3045 0.3052 0.3016
(d:0,c:1) 0.4343 0.3068 0.3524 0.3570 0.3244 0.3789 0.3481 0.3293 0.3566 0.3302 0.5782 0.4507 0.4993 0.5039 0.4670 0.5240 0.4972 0.4733 0.5025 0.4737
(d:1,c:0) 0.3024 0.3972 0.3322 0.3354 0.3010 0.3259 0.3149 0.3100 0.3328 0.3116 0.1801 0.2782 0.2159 0.2108 0.1934 0.2054 0.2039 0.2069 0.2131 0.2013
(d:1,c:1) 0.1947 0.3151 0.2321 0.2333 0.2058 0.2262 0.2112 0.2165 0.2421 0.2171 0.2903 0.4039 0.3336 0.3323 0.2974 0.3219 0.3087 0.3126 0.3383 0.3093
(d:2,c:0) 0.4591 0.4411 0.5143 0.4650 0.4456 0.4491 0.4737 0.4335 0.4613 0.4349 0.2917 0.2903 0.3490 0.2965 0.3018 0.2852 0.3200 0.2912 0.2970 0.2889
(d:2,c:1) 0.3246 0.3399 0.3918 0.3379 0.3277 0.3248 0.3450 0.3174 0.3498 0.3173 0.4516 0.4705 0.5210 0.4717 0.4535 0.4534 0.4733 0.4448 0.4774 0.4456
(d:3,c:0) 0.5144 0.4848 0.5126 0.5815 0.4731 0.5378 0.4886 0.4747 0.5178 0.4871 0.3222 0.3187 0.3339 0.3865 0.3142 0.3529 0.3157 0.3201 0.3352 0.3230
(d:3,c:1) 0.3664 0.3732 0.3756 0.4440 0.3424 0.4024 0.3455 0.3466 0.3953 0.3578 0.4990 0.5177 0.5221 0.5825 0.4811 0.5402 0.4837 0.4899 0.5349 0.4963
(d:4,c:0) 0.4950 0.4542 0.4950 0.4888 0.5553 0.5025 0.5134 0.5025 0.5019 0.5308 0.3133 0.2788 0.3192 0.3066 0.4011 0.3289 0.3477 0.3454 0.3262 0.3718
(d:4,c:1) 0.3511 0.3462 0.3622 0.3526 0.4336 0.3708 0.3763 0.3806 0.3840 0.4087 0.4966 0.4830 0.5139 0.5066 0.5793 0.5225 0.5242 0.5233 0.5330 0.5546
(d:5,c:0) 0.4362 0.3979 0.4087 0.4399 0.4119 0.4631 0.4145 0.4077 0.4349 0.4254 0.2783 0.2557 0.2577 0.2822 0.2770 0.3090 0.2719 0.2739 0.2817 0.2854
(d:5,c:1) 0.3120 0.3039 0.2927 0.3226 0.3026 0.3498 0.2944 0.3005 0.3319 0.3173 0.4272 0.4225 0.4151 0.4453 0.4178 0.4669 0.4134 0.4167 0.4496 0.4317
(d:6,c:0) 0.4367 0.4027 0.4435 0.4239 0.4279 0.4337 0.4881 0.3981 0.4293 0.4232 0.2826 0.2625 0.2927 0.2680 0.2945 0.2813 0.3435 0.2688 0.2782 0.2856
(d:6,c:1) 0.3105 0.3073 0.3269 0.3040 0.3175 0.3174 0.3688 0.2887 0.3244 0.3134 0.4335 0.4318 0.4534 0.4327 0.4378 0.4402 0.4896 0.4133 0.4481 0.4338
(d:7,c:0) 0.4594 0.4320 0.4485 0.4595 0.4715 0.4670 0.4450 0.5303 0.4617 0.4926 0.2879 0.2785 0.2856 0.2901 0.3216 0.3002 0.2905 0.3802 0.2960 0.3364
(d:7,c:1) 0.3216 0.3280 0.3206 0.3292 0.3518 0.3404 0.3121 0.4151 0.3475 0.3744 0.4515 0.4624 0.4593 0.4693 0.4776 0.4729 0.4464 0.5408 0.4808 0.4987
(d:8,c:0) 0.3616 0.3400 0.3629 0.3644 0.3437 0.3736 0.3489 0.3379 0.3754 0.3496 0.2826 0.3103 0.3074 0.3005 0.3022 0.3196 0.2928 0.2954 0.3390 0.3111
(d:8,c:1) 0.2028 0.2107 0.2120 0.2111 0.2005 0.2221 0.1957 0.1972 0.2336 0.2064 0.3733 0.4145 0.4036 0.4016 0.3840 0.4133 0.3763 0.3798 0.4403 0.3964
(d:9,c:0) 0.3907 0.3682 0.3853 0.3954 0.4155 0.4040 0.3942 0.4107 0.4016 0.4296 0.2348 0.2301 0.2397 0.2406 0.2839 0.2542 0.2567 0.2804 0.2535 0.2929
(d:9,c:1) 0.2727 0.2798 0.2761 0.2842 0.3141 0.2962 0.2812 0.3111 0.3047 0.3296 0.3797 0.3930 0.3937 0.3993 0.4233 0.4076 0.3958 0.4218 0.4175 0.4377

StR-rec Reconstruction Similarities:
--------------------------------
Average similarity: 0.3123

Per-combination similarities:
Digit 0, Color 0: 0.4043
Digit 0, Color 1: 0.1739
Digit 1, Color 0: 0.4613
Digit 1, Color 1: 0.2181
Digit 2, Color 0: 0.4426
Digit 2, Color 1: 0.2228
Digit 3, Color 0: 0.3907
Digit 3, Color 1: 0.2164
Digit 4, Color 0: 0.4226
Digit 4, Color 1: 0.1977
Digit 5, Color 0: 0.2041
Digit 5, Color 1: 0.3333
Digit 6, Color 0: 0.2296
Digit 6, Color 1: 0.4247
Digit 7, Color 0: 0.2194
Digit 7, Color 1: 0.4362
Digit 8, Color 0: 0.2011
Digit 8, Color 1: 0.4222
Digit 9, Color 0: 0.2151
Digit 9, Color 1: 0.4107
