Colored MNIST Experiment Results
==============================

Supervised Decoder:
------------------
Training:
Digit accuracy: 0.7737
Color accuracy: 0.9967
Full accuracy: 0.7724

Testing:
Digit accuracy: 0.6226
Color accuracy: 0.9978
Full accuracy: 0.6216

RtS Classification:
------------------
Training:
Digit accuracy: 0.7462
Color accuracy: 0.9458
Full accuracy: 0.7072

Testing:
Digit accuracy: 0.5757
Color accuracy: 0.9463
Full accuracy: 0.5454

StR-rep Cosine Similarities:
---------------------------
Average diagonal (matching pairs): 0.4190
Average off-diagonal (non-matching pairs): 0.2714

Full association matrix:
(d:0,c:0) 0.4122 0.2255 0.3147 0.2950 0.2471 0.3832 0.3737 0.2290 0.3222 0.2549 0.2821 0.0812 0.1838 0.1599 0.1436 0.2092 0.2404 0.0969 0.1757 0.1245
(d:0,c:1) 0.3211 0.3927 0.3787 0.3212 0.2685 0.3654 0.3676 0.2427 0.3687 0.2746 0.1703 0.2795 0.2377 0.1857 0.1668 0.2075 0.2533 0.0932 0.2235 0.1414
(d:1,c:0) 0.3431 0.2898 0.3977 0.3236 0.2894 0.3587 0.4010 0.2566 0.3449 0.2857 0.2159 0.1457 0.2641 0.1891 0.1933 0.2046 0.2729 0.1016 0.2093 0.1435
(d:1,c:1) 0.3583 0.3323 0.3970 0.4417 0.3020 0.4328 0.3812 0.2736 0.3992 0.3090 0.1726 0.1118 0.1712 0.1487 0.1519 0.1882 0.2299 0.0266 0.1701 0.0850
(d:2,c:0) 0.3744 0.2919 0.3796 0.3291 0.4052 0.3958 0.4378 0.2993 0.3751 0.3759 0.2109 0.1326 0.2109 0.1622 0.2604 0.2056 0.2768 0.1183 0.2122 0.1895
(d:2,c:1) 0.3274 0.2511 0.2945 0.3124 0.2368 0.3818 0.3435 0.2215 0.3283 0.2523 0.2744 0.1444 0.2081 0.2399 0.2041 0.3075 0.2928 0.1145 0.2515 0.1747
(d:3,c:0) 0.3103 0.2219 0.3110 0.2542 0.2354 0.3056 0.3959 0.1982 0.2886 0.2355 0.1707 0.0846 0.1707 0.1159 0.1635 0.1427 0.2871 0.0569 0.1447 0.1138
(d:3,c:1) 0.3835 0.3038 0.3679 0.3359 0.3692 0.4040 0.3983 0.4008 0.3775 0.3847 0.1645 0.0828 0.1435 0.1065 0.1735 0.1363 0.1942 0.1136 0.1407 0.1315
(d:4,c:0) 0.3664 0.3128 0.3700 0.3380 0.3121 0.4102 0.3986 0.2630 0.4069 0.3112 0.2257 0.1562 0.2166 0.1948 0.1882 0.2367 0.2534 0.0866 0.2547 0.1568
(d:4,c:1) 0.3108 0.2527 0.3042 0.2695 0.2900 0.3117 0.3714 0.2498 0.3035 0.2973 0.2181 0.1612 0.2110 0.2001 0.2754 0.2305 0.2893 0.2091 0.2246 0.2756
(d:5,c:0) 0.3353 0.1350 0.2220 0.2149 0.2029 0.2818 0.2462 0.1737 0.2352 0.2064 0.4555 0.2664 0.3795 0.3654 0.3268 0.3986 0.3265 0.3489 0.3880 0.3442
(d:5,c:1) 0.2003 0.2946 0.2624 0.2163 0.2050 0.2272 0.2033 0.1680 0.2563 0.2058 0.3247 0.4893 0.4381 0.3958 0.3541 0.3942 0.3287 0.3550 0.4416 0.3685
(d:6,c:0) 0.2412 0.1970 0.3012 0.2344 0.2397 0.2384 0.2607 0.1949 0.2468 0.2301 0.3713 0.3359 0.4625 0.3925 0.3773 0.3860 0.3533 0.3515 0.4194 0.3614
(d:6,c:1) 0.2581 0.2447 0.3015 0.3694 0.2564 0.3216 0.2361 0.2151 0.3088 0.2585 0.3375 0.3139 0.3761 0.3650 0.3472 0.3845 0.3155 0.2860 0.3940 0.3132
(d:7,c:0) 0.2411 0.1716 0.2456 0.2097 0.3326 0.2424 0.2602 0.2150 0.2456 0.2969 0.3516 0.3149 0.3902 0.3539 0.4346 0.3741 0.3359 0.3667 0.4099 0.4023
(d:7,c:1) 0.1832 0.1229 0.1499 0.1832 0.1518 0.2168 0.1544 0.1284 0.1877 0.1616 0.4012 0.3154 0.3730 0.4179 0.3627 0.4610 0.3383 0.3502 0.4336 0.3731
(d:8,c:0) 0.2668 0.1652 0.2668 0.2077 0.2273 0.2399 0.3341 0.1694 0.2418 0.2217 0.3601 0.2899 0.3986 0.3397 0.3824 0.3508 0.4309 0.3194 0.3824 0.3572
(d:8,c:1) 0.2759 0.2029 0.2573 0.2388 0.3242 0.2765 0.2429 0.3505 0.2732 0.3356 0.3297 0.2851 0.3476 0.3208 0.3742 0.3280 0.2732 0.3913 0.3641 0.3707
(d:9,c:0) 0.2550 0.2119 0.2581 0.2394 0.2564 0.2819 0.2433 0.1938 0.3034 0.2497 0.3849 0.3534 0.4142 0.4044 0.3763 0.4255 0.3301 0.3447 0.4748 0.3833
(d:9,c:1) 0.1837 0.1384 0.1761 0.1555 0.2192 0.1648 0.2024 0.1695 0.1797 0.2214 0.3537 0.3368 0.3831 0.3851 0.4436 0.3933 0.3476 0.4497 0.4147 0.4825

StR-rec Reconstruction Similarities:
--------------------------------
Average similarity: 0.4174

Per-combination similarities:
Digit 0, Color 0: 0.4145
Digit 0, Color 1: 0.3193
Digit 1, Color 0: 0.4596
Digit 1, Color 1: 0.4332
Digit 2, Color 0: 0.4392
Digit 2, Color 1: 0.4473
Digit 3, Color 0: 0.3924
Digit 3, Color 1: 0.4273
Digit 4, Color 0: 0.4328
Digit 4, Color 1: 0.4120
Digit 5, Color 0: 0.3971
Digit 5, Color 1: 0.3452
Digit 6, Color 0: 0.4609
Digit 6, Color 1: 0.4281
Digit 7, Color 0: 0.4383
Digit 7, Color 1: 0.4405
Digit 8, Color 0: 0.4026
Digit 8, Color 1: 0.4362
Digit 9, Color 0: 0.4235
Digit 9, Color 1: 0.3975
