Colored MNIST Experiment Results
==============================

Supervised Decoder:
------------------
Training:
Digit accuracy: 0.7171
Color accuracy: 0.9842
Full accuracy: 0.7074

Testing:
Digit accuracy: 0.5801
Color accuracy: 0.9869
Full accuracy: 0.5726

RtS Classification:
------------------
Training:
Digit accuracy: 0.6702
Color accuracy: 0.8992
Full accuracy: 0.6032

Testing:
Digit accuracy: 0.5123
Color accuracy: 0.8793
Full accuracy: 0.4469

StR-rep Cosine Similarities:
---------------------------
Average diagonal (matching pairs): 0.3131
Average off-diagonal (non-matching pairs): 0.3046

Full association matrix:
(d:0,c:0) 0.4184 0.3993 0.4066 0.3682 0.3074 0.4135 0.3197 0.2922 0.4073 0.3223 0.3514 0.2682 0.2958 0.2024 0.2647 0.2715 0.2479 0.2071 0.2939 0.2036
(d:0,c:1) 0.3930 0.2508 0.2658 0.3307 0.2321 0.3472 0.2242 0.2876 0.3074 0.2676 0.4497 0.3028 0.3743 0.3600 0.3932 0.4481 0.3611 0.3985 0.4332 0.3955
(d:1,c:0) 0.2428 0.4544 0.3401 0.2837 0.2139 0.3096 0.2219 0.2107 0.3476 0.2405 0.2322 0.3192 0.2432 0.1718 0.1818 0.2140 0.2136 0.1625 0.2408 0.1479
(d:1,c:1) 0.2368 0.3831 0.2524 0.2790 0.1665 0.2811 0.1573 0.2263 0.2974 0.2155 0.3387 0.3929 0.3385 0.3299 0.3115 0.3921 0.3374 0.3483 0.3895 0.3315
(d:2,c:0) 0.2853 0.4137 0.4063 0.3063 0.2703 0.3319 0.2917 0.2332 0.3664 0.2763 0.2589 0.2913 0.3168 0.1955 0.2424 0.2228 0.2559 0.1794 0.2651 0.1762
(d:2,c:1) 0.3028 0.3431 0.3410 0.3217 0.2422 0.3211 0.2479 0.2684 0.3315 0.2697 0.4013 0.3850 0.4601 0.3936 0.4186 0.4420 0.4217 0.4072 0.4561 0.4038
(d:3,c:0) 0.3219 0.4242 0.3883 0.3905 0.2700 0.3869 0.2724 0.2488 0.3929 0.2797 0.2859 0.3243 0.3156 0.2799 0.2430 0.2723 0.2471 0.2032 0.2934 0.1966
(d:3,c:1) 0.3062 0.3008 0.2670 0.3767 0.2062 0.3398 0.1875 0.2545 0.3132 0.2368 0.3955 0.3823 0.4142 0.4611 0.3842 0.4657 0.3750 0.4070 0.4502 0.4003
(d:4,c:0) 0.2570 0.3606 0.3822 0.2765 0.3695 0.3440 0.3059 0.2729 0.3817 0.3408 0.2440 0.2040 0.2950 0.1496 0.3153 0.2047 0.2465 0.1865 0.2602 0.2146
(d:4,c:1) 0.2293 0.2249 0.2564 0.2435 0.3159 0.2871 0.2228 0.2788 0.2967 0.3030 0.3441 0.2423 0.3867 0.3094 0.4623 0.3848 0.3707 0.3845 0.4084 0.4171
(d:5,c:0) 0.3418 0.4624 0.3933 0.3704 0.2963 0.4288 0.3039 0.2766 0.4254 0.3218 0.3118 0.3198 0.2926 0.2209 0.2670 0.3080 0.2669 0.2069 0.3114 0.2183
(d:5,c:1) 0.3080 0.3183 0.2509 0.3311 0.2191 0.3618 0.2063 0.2688 0.3256 0.2657 0.4031 0.3560 0.3677 0.3761 0.3919 0.4829 0.3781 0.3939 0.4480 0.4070
(d:6,c:0) 0.2878 0.3790 0.3847 0.2718 0.2921 0.3219 0.3739 0.2368 0.3408 0.2980 0.2153 0.2332 0.2331 0.1063 0.2214 0.1524 0.2204 0.1168 0.1899 0.1492
(d:6,c:1) 0.3096 0.3059 0.3204 0.2812 0.2748 0.3132 0.3589 0.2755 0.3044 0.3018 0.3454 0.3121 0.3534 0.2769 0.3908 0.3494 0.3757 0.3237 0.3585 0.3663
(d:7,c:0) 0.2990 0.3756 0.3404 0.3018 0.2394 0.3252 0.2535 0.2833 0.3425 0.2639 0.3330 0.3196 0.3231 0.2503 0.2808 0.2971 0.2828 0.3354 0.3122 0.2584
(d:7,c:1) 0.2111 0.1747 0.1497 0.2069 0.1240 0.1995 0.1182 0.2243 0.1864 0.1622 0.3518 0.2916 0.3302 0.3405 0.3380 0.3930 0.3279 0.4441 0.3728 0.3770
(d:8,c:0) 0.2691 0.4318 0.3706 0.3172 0.2768 0.3547 0.2519 0.2557 0.4147 0.2976 0.2148 0.2509 0.2172 0.1463 0.1674 0.1915 0.1843 0.1396 0.2306 0.1298
(d:8,c:1) 0.2861 0.3793 0.3078 0.3402 0.2577 0.3572 0.2057 0.2988 0.4027 0.3026 0.3391 0.3317 0.3279 0.3195 0.3141 0.3898 0.3225 0.3427 0.4027 0.3308
(d:9,c:0) 0.3167 0.4530 0.3686 0.3277 0.2941 0.3785 0.2952 0.2583 0.4016 0.3298 0.3408 0.3468 0.3423 0.2412 0.3774 0.3308 0.3561 0.2820 0.3530 0.3426
(d:9,c:1) 0.2165 0.2288 0.1633 0.2192 0.1630 0.2346 0.1459 0.1938 0.2260 0.2098 0.3470 0.3041 0.3355 0.3238 0.4100 0.4110 0.3802 0.3868 0.3965 0.4389

StR-rec Reconstruction Similarities:
--------------------------------
Average similarity: 0.3131

Per-combination similarities:
Digit 0, Color 0: 0.4052
Digit 0, Color 1: 0.1628
Digit 1, Color 0: 0.4558
Digit 1, Color 1: 0.2156
Digit 2, Color 0: 0.4388
Digit 2, Color 1: 0.2219
Digit 3, Color 0: 0.4001
Digit 3, Color 1: 0.2164
Digit 4, Color 0: 0.4201
Digit 4, Color 1: 0.2037
Digit 5, Color 0: 0.2028
Digit 5, Color 1: 0.3486
Digit 6, Color 0: 0.2321
Digit 6, Color 1: 0.4320
Digit 7, Color 0: 0.2168
Digit 7, Color 1: 0.4439
Digit 8, Color 0: 0.1969
Digit 8, Color 1: 0.4303
Digit 9, Color 0: 0.2139
Digit 9, Color 1: 0.4039
