Colored MNIST Experiment Results
==============================

Supervised Decoder:
------------------
Training:
Digit accuracy: 0.7859
Color accuracy: 1.0000
Full accuracy: 0.7859

Testing:
Digit accuracy: 0.6748
Color accuracy: 1.0000
Full accuracy: 0.6748

RtS Classification:
------------------
Training:
Digit accuracy: 0.7112
Color accuracy: 1.0000
Full accuracy: 0.7112

Testing:
Digit accuracy: 0.5436
Color accuracy: 1.0000
Full accuracy: 0.5436

StR-rep Cosine Similarities:
---------------------------
Average diagonal (matching pairs): 0.3876
Average off-diagonal (non-matching pairs): 0.3823

Full association matrix:
(d:0,c:0) 0.5459 0.4437 0.4796 0.4875 0.4524 0.5027 0.4763 0.4584 0.4865 0.4591 0.4066 0.3038 0.3427 0.3421 0.2981 0.3580 0.3406 0.2924 0.3368 0.2983
(d:0,c:1) 0.3884 0.2841 0.3168 0.3270 0.3220 0.3440 0.3198 0.3415 0.3247 0.3303 0.5370 0.4363 0.4708 0.4768 0.4588 0.4972 0.4718 0.4680 0.4748 0.4665
(d:1,c:0) 0.3532 0.4740 0.3939 0.3933 0.3544 0.3847 0.3647 0.3702 0.3993 0.3683 0.2304 0.3617 0.2735 0.2711 0.2285 0.2598 0.2522 0.2331 0.2774 0.2361
(d:1,c:1) 0.2187 0.3393 0.2558 0.2570 0.2434 0.2498 0.2318 0.2705 0.2620 0.2586 0.3366 0.4714 0.3786 0.3817 0.3610 0.3741 0.3598 0.3781 0.3909 0.3749
(d:2,c:0) 0.4947 0.5060 0.5507 0.5015 0.4760 0.4875 0.5025 0.4702 0.5074 0.4727 0.3614 0.3793 0.4237 0.3676 0.3317 0.3503 0.3835 0.3158 0.3710 0.3197
(d:2,c:1) 0.3280 0.3384 0.3797 0.3324 0.3384 0.3201 0.3377 0.3465 0.3370 0.3367 0.4941 0.5156 0.5552 0.5056 0.4970 0.4928 0.5180 0.4965 0.5124 0.4926
(d:3,c:0) 0.5241 0.5328 0.5282 0.5897 0.4843 0.5515 0.4933 0.4976 0.5442 0.5017 0.3734 0.3903 0.3806 0.4380 0.3246 0.3989 0.3515 0.3232 0.3914 0.3342
(d:3,c:1) 0.3447 0.3523 0.3440 0.4071 0.3352 0.3711 0.3162 0.3626 0.3608 0.3541 0.5028 0.5229 0.5082 0.5720 0.4880 0.5380 0.4827 0.5025 0.5295 0.5054
(d:4,c:0) 0.5331 0.5178 0.5447 0.5313 0.6076 0.5500 0.5531 0.5636 0.5622 0.5909 0.3546 0.3449 0.3678 0.3495 0.4049 0.3650 0.3817 0.3472 0.3757 0.3783
(d:4,c:1) 0.3449 0.3287 0.3514 0.3405 0.4503 0.3609 0.3668 0.4217 0.3697 0.4355 0.4922 0.4861 0.5035 0.4928 0.5774 0.5131 0.5207 0.5369 0.5224 0.5593
(d:5,c:0) 0.4927 0.4744 0.4647 0.5015 0.4605 0.5236 0.4655 0.4657 0.5014 0.4786 0.3547 0.3449 0.3332 0.3639 0.3150 0.3866 0.3355 0.3020 0.3616 0.3238
(d:5,c:1) 0.3262 0.3072 0.2940 0.3326 0.3220 0.3560 0.3010 0.3405 0.3312 0.3416 0.4750 0.4684 0.4521 0.4890 0.4668 0.5159 0.4574 0.4686 0.4901 0.4829
(d:6,c:0) 0.4781 0.4532 0.4869 0.4537 0.4635 0.4703 0.5379 0.4385 0.4696 0.4601 0.2486 0.2413 0.2591 0.2369 0.2317 0.2455 0.2867 0.2088 0.2469 0.2253
(d:6,c:1) 0.3472 0.3199 0.3521 0.3190 0.3591 0.3383 0.4123 0.3456 0.3346 0.3571 0.3854 0.3808 0.3949 0.3779 0.3981 0.3913 0.4271 0.3885 0.3917 0.3986
(d:7,c:0) 0.3659 0.3606 0.3612 0.3664 0.3659 0.3729 0.3512 0.4140 0.3765 0.3830 0.3290 0.3280 0.3212 0.3286 0.3311 0.3344 0.3130 0.4018 0.3363 0.3522
(d:7,c:1) 0.1985 0.1928 0.1903 0.1969 0.2226 0.2043 0.1864 0.2789 0.2052 0.2399 0.4133 0.4151 0.4046 0.4172 0.4423 0.4263 0.3996 0.5207 0.4271 0.4683
(d:8,c:0) 0.4115 0.4437 0.4299 0.4310 0.4058 0.4384 0.3986 0.4133 0.4629 0.4184 0.2120 0.2325 0.2256 0.2247 0.2014 0.2267 0.2103 0.1966 0.2410 0.2030
(d:8,c:1) 0.3137 0.3493 0.3304 0.3336 0.3334 0.3435 0.3008 0.3543 0.3685 0.3490 0.3562 0.3823 0.3700 0.3751 0.3734 0.3815 0.3556 0.3818 0.3967 0.3821
(d:9,c:0) 0.3470 0.3517 0.3530 0.3582 0.3731 0.3667 0.3539 0.3706 0.3739 0.3877 0.3060 0.3235 0.3176 0.3224 0.3591 0.3363 0.3324 0.3365 0.3457 0.3724
(d:9,c:1) 0.1799 0.1834 0.1817 0.1881 0.2259 0.1970 0.1875 0.2344 0.2011 0.2403 0.3754 0.3937 0.3846 0.3942 0.4485 0.4102 0.4003 0.4401 0.4178 0.4663

StR-rec Reconstruction Similarities:
--------------------------------
Average similarity: 0.3138

Per-combination similarities:
Digit 0, Color 0: 0.4098
Digit 0, Color 1: 0.1603
Digit 1, Color 0: 0.4519
Digit 1, Color 1: 0.2151
Digit 2, Color 0: 0.4375
Digit 2, Color 1: 0.2164
Digit 3, Color 0: 0.4013
Digit 3, Color 1: 0.2079
Digit 4, Color 0: 0.4201
Digit 4, Color 1: 0.2041
Digit 5, Color 0: 0.2015
Digit 5, Color 1: 0.3580
Digit 6, Color 0: 0.2308
Digit 6, Color 1: 0.4324
Digit 7, Color 0: 0.2193
Digit 7, Color 1: 0.4481
Digit 8, Color 0: 0.1985
Digit 8, Color 1: 0.4387
Digit 9, Color 0: 0.2185
Digit 9, Color 1: 0.4056
