Colored MNIST Experiment Results
==============================

Supervised Decoder:
------------------
Training:
Digit accuracy: 0.7677
Color accuracy: 0.9905
Full accuracy: 0.7618

Testing:
Digit accuracy: 0.6170
Color accuracy: 0.9907
Full accuracy: 0.6124

RtS Classification:
------------------
Training:
Digit accuracy: 0.7575
Color accuracy: 0.9659
Full accuracy: 0.7327

Testing:
Digit accuracy: 0.5994
Color accuracy: 0.9633
Full accuracy: 0.5775

StR-rep Cosine Similarities:
---------------------------
Average diagonal (matching pairs): 0.2857
Average off-diagonal (non-matching pairs): 0.2824

Full association matrix:
(d:0,c:0) 0.4607 0.1823 0.3567 0.3884 0.3294 0.4004 0.3462 0.3527 0.3607 0.3417 0.3409 0.1947 0.2717 0.2527 0.2576 0.2721 0.2514 0.2625 0.2617 0.2423
(d:0,c:1) 0.2707 0.1107 0.1930 0.2210 0.1252 0.2357 0.1678 0.2006 0.2194 0.1300 0.4510 0.2646 0.3669 0.3785 0.3303 0.3995 0.3467 0.3387 0.3653 0.3375
(d:1,c:0) 0.2698 0.3792 0.3829 0.3759 0.3208 0.3531 0.3214 0.3283 0.3683 0.3289 0.1539 0.3594 0.2642 0.2226 0.2165 0.2191 0.2095 0.2429 0.2747 0.2368
(d:1,c:1) 0.0911 0.2909 0.2141 0.2064 0.1138 0.1890 0.1418 0.1753 0.2238 0.1146 0.2795 0.4172 0.3609 0.3522 0.2930 0.3519 0.3090 0.3212 0.3784 0.3334
(d:2,c:0) 0.3280 0.2608 0.4548 0.3943 0.3765 0.3605 0.3830 0.3405 0.3870 0.3493 0.2154 0.2656 0.3542 0.2459 0.2859 0.2225 0.2837 0.2767 0.2879 0.2731
(d:2,c:1) 0.1522 0.1921 0.2962 0.2357 0.1737 0.2065 0.2093 0.1968 0.2545 0.1400 0.3571 0.3510 0.4712 0.3970 0.3790 0.3774 0.4007 0.3741 0.4148 0.3895
(d:3,c:0) 0.3398 0.2748 0.3884 0.4719 0.3463 0.3959 0.3532 0.3518 0.3937 0.3615 0.2117 0.2559 0.2840 0.3241 0.2563 0.2507 0.2337 0.2677 0.2940 0.2687
(d:3,c:1) 0.1586 0.1992 0.2240 0.3016 0.1397 0.2334 0.1745 0.2012 0.2527 0.1471 0.3420 0.3305 0.3894 0.4579 0.3387 0.3917 0.3404 0.3534 0.4070 0.3727
(d:4,c:0) 0.2866 0.1564 0.3151 0.2838 0.4267 0.3221 0.3505 0.3192 0.3419 0.3572 0.1727 0.1671 0.2176 0.1583 0.3353 0.2077 0.2403 0.2392 0.2440 0.2800
(d:4,c:1) 0.1342 0.0992 0.1803 0.1480 0.2501 0.1895 0.2006 0.1954 0.2289 0.1747 0.3027 0.2477 0.3279 0.2972 0.4221 0.3493 0.3490 0.3303 0.3616 0.3877
(d:5,c:0) 0.3361 0.2357 0.3119 0.3557 0.3583 0.4297 0.3430 0.3196 0.3939 0.3617 0.2000 0.2071 0.1982 0.2227 0.2530 0.3025 0.2014 0.2349 0.2683 0.2580
(d:5,c:1) 0.1720 0.1722 0.1671 0.2086 0.1696 0.2847 0.1819 0.1861 0.2703 0.1663 0.3327 0.2881 0.3106 0.3641 0.3406 0.4453 0.3124 0.3268 0.3871 0.3670
(d:6,c:0) 0.2987 0.2238 0.3501 0.3054 0.3886 0.3395 0.4389 0.2975 0.3575 0.3541 0.1308 0.1492 0.1867 0.1185 0.2209 0.1487 0.2168 0.1950 0.1884 0.2171
(d:6,c:1) 0.1666 0.1865 0.2429 0.1921 0.2407 0.2335 0.3249 0.1967 0.2750 0.1957 0.2874 0.2541 0.3282 0.2835 0.3412 0.3201 0.3599 0.3166 0.3382 0.3595
(d:7,c:0) 0.3257 0.2424 0.3644 0.3639 0.4035 0.3425 0.3375 0.4742 0.3756 0.4235 0.1727 0.1841 0.2021 0.1948 0.2314 0.1850 0.1759 0.2669 0.2329 0.2336
(d:7,c:1) 0.1696 0.1878 0.2292 0.2273 0.2243 0.2091 0.1851 0.3544 0.2650 0.2378 0.3222 0.2796 0.3311 0.3547 0.3362 0.3478 0.3026 0.3769 0.3711 0.3612
(d:8,c:0) 0.2836 0.2294 0.3441 0.3521 0.3356 0.3368 0.2898 0.3411 0.3646 0.3244 0.2302 0.2726 0.3076 0.2709 0.3245 0.2930 0.2664 0.2956 0.3817 0.3228
(d:8,c:1) 0.0966 0.1474 0.1700 0.1759 0.1189 0.1658 0.1053 0.1790 0.2117 0.1021 0.3460 0.3320 0.3953 0.3920 0.3865 0.4150 0.3566 0.3643 0.4699 0.4067
(d:9,c:0) 0.2763 0.2210 0.3138 0.3026 0.3690 0.3308 0.3356 0.3358 0.3530 0.3472 0.2062 0.2496 0.2483 0.2269 0.3780 0.2705 0.2635 0.3796 0.3121 0.4136
(d:9,c:1) 0.0833 0.1232 0.1284 0.1186 0.1353 0.1436 0.1323 0.1552 0.1783 0.1127 0.2764 0.2669 0.2923 0.3004 0.3735 0.3370 0.3029 0.3780 0.3487 0.4195

StR-rec Reconstruction Similarities:
--------------------------------
Average similarity: 0.3129

Per-combination similarities:
Digit 0, Color 0: 0.4099
Digit 0, Color 1: 0.1696
Digit 1, Color 0: 0.4622
Digit 1, Color 1: 0.2160
Digit 2, Color 0: 0.4324
Digit 2, Color 1: 0.2245
Digit 3, Color 0: 0.3967
Digit 3, Color 1: 0.2164
Digit 4, Color 0: 0.4307
Digit 4, Color 1: 0.2011
Digit 5, Color 0: 0.2032
Digit 5, Color 1: 0.3384
Digit 6, Color 0: 0.2292
Digit 6, Color 1: 0.4307
Digit 7, Color 0: 0.2215
Digit 7, Color 1: 0.4332
Digit 8, Color 0: 0.1990
Digit 8, Color 1: 0.4298
Digit 9, Color 0: 0.2083
Digit 9, Color 1: 0.4048
