Colored MNIST Experiment Results
==============================

Supervised Decoder:
------------------
Training:
Digit accuracy: 0.6241
Color accuracy: 1.0000
Full accuracy: 0.6241

Testing:
Digit accuracy: 0.0159
Color accuracy: 1.0000
Full accuracy: 0.0159

RtS Classification:
------------------
Training:
Digit accuracy: 0.1235
Color accuracy: 0.3920
Full accuracy: 0.0479

Testing:
Digit accuracy: 0.0000
Color accuracy: 0.4316
Full accuracy: 0.0000

StR-rep Cosine Similarities:
---------------------------
Average diagonal (matching pairs): 0.0024
Average off-diagonal (non-matching pairs): 0.0078

Full association matrix:
(d:0,c:0) 0.0000 0.0000 0.0000 0.0000 0.0000 0.0000 0.0000 0.0000 0.0000 0.0000 0.0000 0.0434 0.0579 0.0380 0.0608 0.0000 0.0000 0.0000 0.0000 0.0000
(d:0,c:1) 0.0000 0.0000 0.0000 0.0000 0.0000 0.0000 0.0000 0.0000 0.0000 0.0000 0.0000 0.0377 0.0549 0.0274 0.0550 0.0000 0.0000 0.0000 0.0000 0.0000
(d:1,c:0) 0.0000 0.0000 0.0000 0.0000 0.0000 0.0000 0.0000 0.0000 0.0000 0.0000 0.0000 0.0746 0.0383 0.0795 0.0354 0.0000 0.0000 0.0000 0.0000 0.0000
(d:1,c:1) 0.0000 0.0000 0.0000 0.0000 0.0000 0.0000 0.0000 0.0000 0.0000 0.0000 0.0000 0.0661 0.0451 0.0641 0.0415 0.0000 0.0000 0.0000 0.0000 0.0000
(d:2,c:0) 0.0000 0.0000 0.0000 0.0000 0.0000 0.0000 0.0000 0.0000 0.0000 0.0000 0.0000 0.0905 0.0581 0.0867 0.0647 0.0000 0.0000 0.0000 0.0000 0.0000
(d:2,c:1) 0.0000 0.0000 0.0000 0.0000 0.0000 0.0000 0.0000 0.0000 0.0000 0.0000 0.0000 0.0882 0.0630 0.0810 0.0680 0.0000 0.0000 0.0000 0.0000 0.0000
(d:3,c:0) 0.0000 0.0000 0.0000 0.0000 0.0000 0.0000 0.0000 0.0000 0.0000 0.0000 0.0000 0.0569 0.0588 0.0503 0.0660 0.0000 0.0000 0.0000 0.0000 0.0000
(d:3,c:1) 0.0000 0.0000 0.0000 0.0000 0.0000 0.0000 0.0000 0.0000 0.0000 0.0000 0.0000 0.0444 0.0541 0.0333 0.0565 0.0000 0.0000 0.0000 0.0000 0.0000
(d:4,c:0) 0.0000 0.0000 0.0000 0.0000 0.0000 0.0000 0.0000 0.0000 0.0000 0.0000 0.0000 0.0369 0.0578 0.0323 0.0626 0.0000 0.0000 0.0000 0.0000 0.0000
(d:4,c:1) 0.0000 0.0000 0.0000 0.0000 0.0000 0.0000 0.0000 0.0000 0.0000 0.0000 0.0000 0.0328 0.0536 0.0230 0.0546 0.0000 0.0000 0.0000 0.0000 0.0000
(d:5,c:0) 0.0000 0.0000 0.0000 0.0000 0.0000 0.0000 0.0000 0.0000 0.0000 0.0000 0.0000 0.0042 -0.0113 0.0084 -0.0036 0.0000 0.0000 0.0000 0.0000 0.0000
(d:5,c:1) 0.0000 0.0000 0.0000 0.0000 0.0000 0.0000 0.0000 0.0000 0.0000 0.0000 0.0000 0.0133 0.0114 0.0092 0.0146 0.0000 0.0000 0.0000 0.0000 0.0000
(d:6,c:0) 0.0000 0.0000 0.0000 0.0000 0.0000 0.0000 0.0000 0.0000 0.0000 0.0000 0.0000 0.0157 0.0439 0.0135 0.0441 0.0000 0.0000 0.0000 0.0000 0.0000
(d:6,c:1) 0.0000 0.0000 0.0000 0.0000 0.0000 0.0000 0.0000 0.0000 0.0000 0.0000 0.0000 0.0204 0.0451 0.0118 0.0434 0.0000 0.0000 0.0000 0.0000 0.0000
(d:7,c:0) 0.0000 0.0000 0.0000 0.0000 0.0000 0.0000 0.0000 0.0000 0.0000 0.0000 0.0000 -0.0281 -0.0246 -0.0302 -0.0211 0.0000 0.0000 0.0000 0.0000 0.0000
(d:7,c:1) 0.0000 0.0000 0.0000 0.0000 0.0000 0.0000 0.0000 0.0000 0.0000 0.0000 0.0000 -0.0120 -0.0025 -0.0194 -0.0013 0.0000 0.0000 0.0000 0.0000 0.0000
(d:8,c:0) 0.0000 0.0000 0.0000 0.0000 0.0000 0.0000 0.0000 0.0000 0.0000 0.0000 0.0000 0.0286 -0.0112 0.0203 0.0049 0.0000 0.0000 0.0000 0.0000 0.0000
(d:8,c:1) 0.0000 0.0000 0.0000 0.0000 0.0000 0.0000 0.0000 0.0000 0.0000 0.0000 0.0000 0.0299 0.0094 0.0178 0.0192 0.0000 0.0000 0.0000 0.0000 0.0000
(d:9,c:0) 0.0000 0.0000 0.0000 0.0000 0.0000 0.0000 0.0000 0.0000 0.0000 0.0000 0.0000 0.0759 0.0866 0.0687 0.1004 0.0000 0.0000 0.0000 0.0000 0.0000
(d:9,c:1) 0.0000 0.0000 0.0000 0.0000 0.0000 0.0000 0.0000 0.0000 0.0000 0.0000 0.0000 0.0534 0.0680 0.0420 0.0737 0.0000 0.0000 0.0000 0.0000 0.0000

StR-rec Reconstruction Similarities:
--------------------------------
Average similarity: 0.4679

Per-combination similarities:
Digit 0, Color 0: 0.4804
Digit 0, Color 1: 0.4490
Digit 1, Color 0: 0.4651
Digit 1, Color 1: 0.4770
