Colored MNIST Experiment Results
==============================

Supervised Decoder:
------------------
Training:
Digit accuracy: 0.7665
Color accuracy: 1.0000
Full accuracy: 0.7665

Testing:
Digit accuracy: 0.7783
Color accuracy: 1.0000
Full accuracy: 0.7783

RtS Classification:
------------------
Training:
Digit accuracy: 0.7624
Color accuracy: 1.0000
Full accuracy: 0.7624

Testing:
Digit accuracy: 0.7752
Color accuracy: 1.0000
Full accuracy: 0.7752

StR-rep Cosine Similarities:
---------------------------
Average diagonal (matching pairs): 0.5401
Average off-diagonal (non-matching pairs): 0.3958

Full association matrix:
(d:0,c:0) 0.5287 0.3982 0.3992 0.2674 0.4544 0.3203 0.4575 0.3222 0.4360 0.3040 0.4784 0.3418 0.4584 0.3240 0.4385 0.3056 0.4581 0.3193 0.4431 0.3042
(d:0,c:1) 0.3823 0.5366 0.2565 0.4037 0.3051 0.4610 0.3088 0.4659 0.2892 0.4463 0.3277 0.4858 0.3111 0.4646 0.2942 0.4483 0.3057 0.4641 0.2952 0.4492
(d:1,c:0) 0.4446 0.2923 0.6083 0.4682 0.5025 0.3479 0.5010 0.3490 0.4618 0.3060 0.4899 0.3356 0.4782 0.3204 0.4796 0.3331 0.5110 0.3562 0.4793 0.3256
(d:1,c:1) 0.2782 0.4468 0.4435 0.6177 0.3317 0.5040 0.3310 0.5085 0.2942 0.4642 0.3179 0.4956 0.3099 0.4766 0.3146 0.4915 0.3366 0.5168 0.3104 0.4866
(d:2,c:0) 0.4927 0.3450 0.4828 0.3401 0.5568 0.4142 0.4947 0.3503 0.4953 0.3449 0.4836 0.3340 0.5179 0.3685 0.4785 0.3365 0.5056 0.3570 0.4819 0.3311
(d:2,c:1) 0.3310 0.4926 0.3245 0.4849 0.3907 0.5630 0.3302 0.5031 0.3326 0.4962 0.3171 0.4874 0.3545 0.5177 0.3188 0.4884 0.3368 0.5110 0.3183 0.4855
(d:3,c:0) 0.4759 0.3337 0.4572 0.3275 0.4749 0.3416 0.5364 0.3962 0.4527 0.3141 0.5000 0.3589 0.4525 0.3122 0.4597 0.3173 0.4906 0.3528 0.4658 0.3243
(d:3,c:1) 0.3219 0.4740 0.3065 0.4651 0.3175 0.4838 0.3788 0.5408 0.2981 0.4582 0.3410 0.5043 0.2974 0.4547 0.3076 0.4619 0.3298 0.4991 0.3100 0.4710
(d:4,c:0) 0.4877 0.3380 0.4567 0.3124 0.5016 0.3503 0.4844 0.3354 0.5704 0.4225 0.5016 0.3527 0.5186 0.3703 0.5149 0.3698 0.5125 0.3632 0.5440 0.3933
(d:4,c:1) 0.3230 0.4901 0.2956 0.4617 0.3331 0.5043 0.3168 0.4930 0.4038 0.5773 0.3317 0.5104 0.3521 0.5240 0.3517 0.5257 0.3404 0.5217 0.3765 0.5515
(d:5,c:0) 0.4795 0.3432 0.4443 0.3150 0.4524 0.3175 0.4858 0.3442 0.4685 0.3304 0.5138 0.3757 0.4610 0.3257 0.4648 0.3265 0.4896 0.3484 0.4808 0.3406
(d:5,c:1) 0.3251 0.4828 0.2935 0.4522 0.2950 0.4594 0.3286 0.4888 0.3133 0.4736 0.3543 0.5202 0.3056 0.4673 0.3124 0.4702 0.3285 0.4941 0.3245 0.4865
(d:6,c:0) 0.4474 0.3166 0.4188 0.2906 0.4572 0.3246 0.4319 0.3024 0.4519 0.3188 0.4471 0.3124 0.5057 0.3703 0.4212 0.2898 0.4486 0.3155 0.4461 0.3113
(d:6,c:1) 0.3030 0.4483 0.2776 0.4200 0.3094 0.4581 0.2851 0.4391 0.3066 0.4538 0.2983 0.4492 0.3593 0.5031 0.2787 0.4256 0.2980 0.4531 0.2998 0.4490
(d:7,c:0) 0.4807 0.3343 0.4598 0.3215 0.4762 0.3282 0.4821 0.3340 0.5088 0.3612 0.4918 0.3446 0.4725 0.3235 0.5751 0.4283 0.4946 0.3472 0.5278 0.3808
(d:7,c:1) 0.3174 0.4798 0.3001 0.4643 0.3094 0.4759 0.3160 0.4848 0.3441 0.5099 0.3235 0.4956 0.3079 0.4711 0.4119 0.5763 0.3242 0.4990 0.3616 0.5321
(d:8,c:0) 0.4053 0.2873 0.3999 0.2866 0.4139 0.2950 0.4127 0.2933 0.4119 0.2929 0.4255 0.3057 0.4036 0.2832 0.4041 0.2891 0.4418 0.3218 0.4185 0.2984
(d:8,c:1) 0.2680 0.3993 0.2653 0.3963 0.2734 0.4084 0.2728 0.4093 0.2735 0.4076 0.2836 0.4216 0.2651 0.3968 0.2682 0.4043 0.2977 0.4379 0.2790 0.4153
(d:9,c:0) 0.4700 0.3288 0.4606 0.3190 0.4753 0.3279 0.4787 0.3358 0.5253 0.3829 0.4945 0.3539 0.4895 0.3436 0.5131 0.3728 0.5030 0.3577 0.5413 0.4007
(d:9,c:1) 0.3104 0.4738 0.3044 0.4612 0.3122 0.4750 0.3162 0.4860 0.3640 0.5308 0.3297 0.5042 0.3282 0.4903 0.3547 0.5214 0.3361 0.5088 0.3787 0.5513

StR-rec Reconstruction Similarities:
--------------------------------
Average similarity: 0.4169

Per-combination similarities:
Digit 0, Color 0: 0.4031
Digit 0, Color 1: 0.4167
Digit 1, Color 0: 0.3239
Digit 1, Color 1: 0.3562
Digit 2, Color 0: 0.4575
Digit 2, Color 1: 0.4575
Digit 3, Color 0: 0.4337
Digit 3, Color 1: 0.4277
Digit 4, Color 0: 0.4235
Digit 4, Color 1: 0.4430
Digit 5, Color 0: 0.4430
Digit 5, Color 1: 0.4456
Digit 6, Color 0: 0.3920
Digit 6, Color 1: 0.3979
Digit 7, Color 0: 0.4191
Digit 7, Color 1: 0.4404
Digit 8, Color 0: 0.4150
Digit 8, Color 1: 0.4337
Digit 9, Color 0: 0.4099
Digit 9, Color 1: 0.3997
