Colored MNIST Experiment Results
==============================

Supervised Decoder:
------------------
Training:
Digit accuracy: 0.8143
Color accuracy: 1.0000
Full accuracy: 0.8143

Testing:
Digit accuracy: 0.6902
Color accuracy: 1.0000
Full accuracy: 0.6902

RtS Classification:
------------------
Training:
Digit accuracy: 0.7788
Color accuracy: 0.9198
Full accuracy: 0.6997

Testing:
Digit accuracy: 0.6706
Color accuracy: 1.0000
Full accuracy: 0.6706

StR-rep Cosine Similarities:
---------------------------
Average diagonal (matching pairs): 0.4009
Average off-diagonal (non-matching pairs): 0.3956

Full association matrix:
(d:0,c:0) 0.6130 0.4738 0.5307 0.5345 0.5004 0.5552 0.5390 0.5000 0.5254 0.5040 0.4398 0.2963 0.3479 0.3521 0.3294 0.3739 0.3568 0.3336 0.3422 0.3315
(d:0,c:1) 0.4640 0.3408 0.3839 0.3896 0.3554 0.4120 0.3888 0.3544 0.3879 0.3604 0.6098 0.4785 0.5283 0.5344 0.4977 0.5553 0.5287 0.4975 0.5317 0.5029
(d:1,c:0) 0.2935 0.4497 0.3543 0.3179 0.2999 0.3142 0.3245 0.2985 0.3456 0.3042 0.1653 0.3053 0.2011 0.2036 0.1846 0.2125 0.1903 0.1893 0.2137 0.1942
(d:1,c:1) 0.1954 0.3682 0.2605 0.2243 0.2061 0.2212 0.2275 0.2043 0.2577 0.2113 0.2764 0.4300 0.3211 0.3249 0.2965 0.3332 0.3044 0.2984 0.3403 0.3083
(d:2,c:0) 0.4931 0.5063 0.5690 0.5063 0.4952 0.4868 0.5282 0.4767 0.5083 0.4820 0.3309 0.3330 0.3907 0.3322 0.3293 0.3182 0.3545 0.3181 0.3326 0.3165
(d:2,c:1) 0.3525 0.3838 0.4340 0.3715 0.3605 0.3526 0.3888 0.3409 0.3807 0.3483 0.4928 0.5092 0.5656 0.5074 0.4916 0.4918 0.5203 0.4758 0.5150 0.4814
(d:3,c:0) 0.4597 0.4698 0.4725 0.5279 0.4399 0.4893 0.4478 0.4401 0.4801 0.4492 0.3111 0.3095 0.3110 0.3649 0.2884 0.3292 0.2928 0.2951 0.3173 0.2973
(d:3,c:1) 0.3273 0.3539 0.3437 0.4017 0.3126 0.3635 0.3155 0.3122 0.3597 0.3232 0.4574 0.4688 0.4679 0.5243 0.4347 0.4868 0.4418 0.4376 0.4824 0.4463
(d:4,c:0) 0.4811 0.4701 0.5006 0.4859 0.5609 0.5027 0.5161 0.5084 0.5108 0.5376 0.3225 0.3022 0.3273 0.3112 0.3946 0.3299 0.3489 0.3503 0.3337 0.3718
(d:4,c:1) 0.3438 0.3504 0.3677 0.3544 0.4326 0.3730 0.3804 0.3774 0.3875 0.4098 0.4916 0.4849 0.5082 0.4933 0.5668 0.5114 0.5223 0.5164 0.5239 0.5460
(d:5,c:0) 0.4876 0.4733 0.4726 0.4964 0.4797 0.5228 0.4762 0.4703 0.4998 0.4890 0.3303 0.3061 0.3012 0.3289 0.3173 0.3548 0.3120 0.3157 0.3255 0.3280
(d:5,c:1) 0.3562 0.3586 0.3442 0.3706 0.3537 0.3991 0.3447 0.3433 0.3810 0.3646 0.4906 0.4793 0.4717 0.5020 0.4775 0.5275 0.4750 0.4718 0.5053 0.4914
(d:6,c:0) 0.4670 0.4559 0.4869 0.4615 0.4739 0.4710 0.5348 0.4383 0.4726 0.4639 0.3196 0.3000 0.3288 0.3035 0.3219 0.3148 0.3783 0.2929 0.3120 0.3142
(d:6,c:1) 0.3344 0.3398 0.3583 0.3340 0.3471 0.3448 0.4042 0.3101 0.3521 0.3381 0.4719 0.4651 0.4920 0.4678 0.4746 0.4782 0.5351 0.4408 0.4832 0.4693
(d:7,c:0) 0.4970 0.4974 0.4992 0.5081 0.5287 0.5148 0.4971 0.5874 0.5150 0.5460 0.3287 0.3206 0.3225 0.3271 0.3560 0.3354 0.3221 0.4211 0.3341 0.3744
(d:7,c:1) 0.3510 0.3697 0.3570 0.3679 0.3894 0.3759 0.3513 0.4489 0.3824 0.4085 0.4948 0.5011 0.5003 0.5068 0.5231 0.5140 0.4914 0.5854 0.5213 0.5449
(d:8,c:0) 0.3074 0.3232 0.3224 0.3203 0.3124 0.3247 0.3100 0.3080 0.3377 0.3151 0.2595 0.2882 0.2768 0.2750 0.2694 0.2832 0.2599 0.2693 0.3025 0.2767
(d:8,c:1) 0.1811 0.2076 0.1974 0.1967 0.1896 0.2015 0.1837 0.1852 0.2175 0.1930 0.3418 0.3778 0.3655 0.3650 0.3513 0.3717 0.3445 0.3483 0.3951 0.3599
(d:9,c:0) 0.4769 0.4894 0.4902 0.4909 0.5339 0.5049 0.5023 0.5261 0.5123 0.5459 0.3104 0.3088 0.3102 0.3114 0.3585 0.3257 0.3247 0.3593 0.3289 0.3718
(d:9,c:1) 0.3352 0.3663 0.3527 0.3553 0.4000 0.3709 0.3617 0.3913 0.3846 0.4136 0.4767 0.4896 0.4883 0.4913 0.5267 0.5047 0.4948 0.5232 0.5166 0.5433

StR-rec Reconstruction Similarities:
--------------------------------
Average similarity: 0.3130

Per-combination similarities:
Digit 0, Color 0: 0.4116
Digit 0, Color 1: 0.1616
Digit 1, Color 0: 0.4541
Digit 1, Color 1: 0.2151
Digit 2, Color 0: 0.4303
Digit 2, Color 1: 0.2207
Digit 3, Color 0: 0.3911
Digit 3, Color 1: 0.2185
Digit 4, Color 0: 0.4150
Digit 4, Color 1: 0.2045
Digit 5, Color 0: 0.2024
Digit 5, Color 1: 0.3537
Digit 6, Color 0: 0.2317
Digit 6, Color 1: 0.4345
Digit 7, Color 0: 0.2224
Digit 7, Color 1: 0.4437
Digit 8, Color 0: 0.2028
Digit 8, Color 1: 0.4243
Digit 9, Color 0: 0.2185
Digit 9, Color 1: 0.4030
